[gd_scene format=3 uid="uid://c1qt07t56flph"]

[ext_resource type="Script" uid="uid://01usvhwlgi4q" path="res://content/arpg/PlayerCharacter.cs" id="1_a4prh"]
[ext_resource type="Material" uid="uid://dyx4l6ea0am6f" path="res://addons/prototype_mini_bundle/M_prototype_green.tres" id="2_6ei8a"]
[ext_resource type="Material" uid="uid://brj2jayoo0l0d" path="res://addons/prototype_mini_bundle/M_prototype_blue.tres" id="2_a4prh"]
[ext_resource type="Animation" uid="uid://udj457a0l8vh" path="res://addons/animations/running.anim" id="4_3sb25"]
[ext_resource type="ArrayMesh" uid="uid://cv5hntx4l3ast" path="res://addons/animations/Mesh/beta_surface.res" id="4_6ei8a"]
[ext_resource type="ArrayMesh" uid="uid://c2hl22tjxk6nc" path="res://addons/animations/Mesh/beta_joints.res" id="5_0g2mo"]

[sub_resource type="CapsuleShape3D" id="CapsuleShape3D_6ei8a"]

[sub_resource type="AnimationLibrary" id="AnimationLibrary_0g2mo"]
_data = {
&"running": ExtResource("4_3sb25")
}

[sub_resource type="AnimationNodeAnimation" id="AnimationNodeAnimation_3sb25"]
animation = &"player_character_anim/running"

[sub_resource type="AnimationNodeStateMachineTransition" id="AnimationNodeStateMachineTransition_vf4lc"]
advance_mode = 2

[sub_resource type="AnimationNodeStateMachine" id="AnimationNodeStateMachine_3sb25"]
states/player_character_anim_running/node = SubResource("AnimationNodeAnimation_3sb25")
states/player_character_anim_running/position = Vector2(427, 97)
transitions = ["Start", "player_character_anim_running", SubResource("AnimationNodeStateMachineTransition_vf4lc")]

[sub_resource type="Skin" id="Skin_bir5g"]
resource_name = "Skin2"
bind_count = 65
bind/0/name = &"Hips"
bind/0/bone = -1
bind/0/pose = Transform3D(1, 5.010232e-07, -4.1956063e-26, -5.0102324e-07, 0.99999994, -3.6787242e-07, -1.8474111e-13, 3.6787242e-07, 0.99999994, -4.4516838e-07, -1.0427487, -0.015543543)
bind/1/name = &"Spine"
bind/1/bone = -1
bind/1/pose = Transform3D(1, 5.0102324e-07, -7.1054274e-15, -5.010232e-07, 1, -3.7252903e-07, -1.8474111e-13, 3.7252903e-07, 1, -4.4516415e-07, -1.1445645, -0.016858786)
bind/2/name = &"Chest"
bind/2/bone = -1
bind/2/pose = Transform3D(1, 5.0102324e-07, -7.1054274e-15, -5.010232e-07, 1, -3.7252903e-07, -1.8474111e-13, 3.7252903e-07, 1, -4.9463137e-07, -1.2435043, -0.0021516979)
bind/3/name = &"UpperChest"
bind/3/bone = -1
bind/3/pose = Transform3D(1, 5.010232e-07, 5.3290705e-15, -5.010232e-07, 1.0000001, -3.6507845e-07, -1.9184654e-13, 3.6507845e-07, 1.0000001, -5.4073274e-07, -1.3357121, 0.011554703)
bind/4/name = &"Neck"
bind/4/bone = -1
bind/4/pose = Transform3D(1, 5.010232e-07, 5.3290705e-15, -5.010232e-07, 1.0000001, -3.6507845e-07, -1.9184654e-13, 3.6507845e-07, 1.0000001, -6.367731e-07, -1.503116, 0.03204499)
bind/5/name = &"Head"
bind/5/bone = -1
bind/5/pose = Transform3D(1, 5.010232e-07, 5.3290705e-15, -5.010232e-07, 1.0000001, -3.6507845e-07, -1.9184654e-13, 3.6507845e-07, 1.0000001, -6.8960634e-07, -1.5992949, 0.015194863)
bind/6/name = &"mixamorig_HeadTop_End"
bind/6/bone = -1
bind/6/pose = Transform3D(1, -6.723839e-08, 4.4265462e-08, 7.211831e-08, 0.99259216, -0.12149394, -3.5768487e-08, 0.12149394, 0.99259216, 2.1002707e-07, -1.7989215, -0.2804511)
bind/7/name = &"RightShoulder"
bind/7/bone = -1
bind/7/pose = Transform3D(6.53495e-08, -4.1579005e-07, -1.0000001, -0.99999994, -5.029142e-07, 2.6775757e-17, -4.7311187e-07, 1, -4.163012e-07, -0.03316342, -0.045699093, -1.4458611)
bind/8/name = &"RightUpperArm"
bind/8/bone = -1
bind/8/pose = Transform3D(-5.3479223e-08, 4.1485876e-07, 1.0000001, -1, -4.9881316e-07, -1.8277703e-08, 4.727362e-07, -1, 4.158269e-07, 0.0554844, -0.15162756, 1.440613)
bind/9/name = &"RightLowerArm"
bind/9/bone = -1
bind/9/pose = Transform3D(-4.727362e-07, 1, -4.158269e-07, -1, -4.9881316e-07, -1.8277703e-08, -5.3479223e-08, 4.1485876e-07, 1.0000001, -1.4406132, -0.4300427, 0.055484425)
bind/10/name = &"RightHand"
bind/10/bone = -1
bind/10/pose = Transform3D(-5.3479223e-08, 4.1485876e-07, 1.0000001, -1, -4.9881316e-07, -1.8277703e-08, 4.727362e-07, -1, 4.158269e-07, 0.055484224, -0.7133311, 1.4406133)
bind/11/name = &"RightThumbMetacarpal"
bind/11/bone = -1
bind/11/pose = Transform3D(5.066395e-07, -0.99999994, 4.0233135e-07, -0.81699264, -1.7881393e-07, 0.577702, -0.57770187, -6.556511e-07, -0.8169927, 1.4248735, -0.58636326, -0.44975162)
bind/12/name = &"RightThumbProximal"
bind/12/bone = -1
bind/12/pose = Transform3D(4.7683716e-07, -1, 4.0233135e-07, -0.8169927, -2.0861626e-07, 0.57770205, -0.5777019, -6.7055225e-07, -0.8169928, 1.4061457, -0.6237478, -0.45260465)
bind/13/name = &"RightThumbDistal"
bind/13/bone = -1
bind/13/pose = Transform3D(4.7683716e-07, -1.0000001, 3.8743022e-07, -0.81699264, -1.7881393e-07, 0.577702, -0.57770187, -6.4074993e-07, -0.8169927, 1.390866, -0.654176, -0.45558375)
bind/14/name = &"mixamorig_RightHandThumb4"
bind/14/bone = -1
bind/14/pose = Transform3D(0.5537738, 0.048262842, 0.8312671, -0.73324835, -0.44479457, 0.5143001, 0.39456472, -0.89433116, -0.21092695, 0.37183794, 0.005926404, 1.559439)
bind/15/name = &"RightIndexProximal"
bind/15/bone = -1
bind/15/pose = Transform3D(-5.3463193e-08, 4.1485873e-07, 1, -1, -4.988133e-07, -1.8277218e-08, 4.7273625e-07, -1, 4.158269e-07, 0.03288588, -0.804414, 1.4354347)
bind/16/name = &"RightIndexIntermediate"
bind/16/bone = -1
bind/16/pose = Transform3D(-5.3492297e-08, 4.1485873e-07, 1, -1, -4.988133e-07, -1.8335426e-08, 4.7273625e-07, -1, 4.158269e-07, 0.032873724, -0.841414, 1.4354348)
bind/17/name = &"RightIndexDistal"
bind/17/bone = -1
bind/17/pose = Transform3D(-5.349457e-08, 4.1485873e-07, 1, -1, -4.9881316e-07, -1.83377e-08, 4.7273636e-07, -1, 4.158269e-07, 0.032878935, -0.86991394, 1.4354348)
bind/18/name = &"mixamorig_RightHandIndex4"
bind/18/bone = -1
bind/18/pose = Transform3D(-0.00018116942, 0.0020053764, 0.999998, -1, 9.4269353e-07, -0.0001811717, -1.3060089e-06, -0.999998, 0.0020053762, 0.029838493, -0.89764386, 1.4354963)
bind/19/name = &"RightMiddleProximal"
bind/19/bone = -1
bind/19/pose = Transform3D(-5.3433777e-08, 4.1485873e-07, 1.0000001, -1, -4.988133e-07, -1.827722e-08, 4.7273625e-07, -1, 4.1582692e-07, 0.05548447, -0.8086562, 1.4406129)
bind/20/name = &"RightMiddleIntermediate"
bind/20/bone = -1
bind/20/pose = Transform3D(-5.337557e-08, 4.1485873e-07, 1.0000002, -1.0000001, -4.988135e-07, -1.827722e-08, 4.7273647e-07, -1, 4.1582692e-07, 0.05544734, -0.84565616, 1.440613)
bind/21/name = &"RightMiddleDistal"
bind/21/bone = -1
bind/21/pose = Transform3D(-5.3310085e-08, 4.1485873e-07, 1.0000002, -1.0000001, -4.9881305e-07, -1.820446e-08, 4.7273647e-07, -1, 4.1582692e-07, 0.055467885, -0.8751562, 1.4406132)
bind/22/name = &"mixamorig_RightHandMiddle4"
bind/22/bone = -1
bind/22/pose = Transform3D(-0.00038537828, 0.0018576231, 0.99999833, -0.99999994, 1.4158915e-06, -0.00038538154, -2.1317826e-06, -0.9999983, 0.0018576224, 0.052445233, -0.90464646, 1.4407114)
bind/23/name = &"RightRingProximal"
bind/23/bone = -1
bind/23/pose = Transform3D(-5.346376e-08, 4.1485876e-07, 1, -1, -4.9881316e-07, -1.8277209e-08, 4.727362e-07, -1, 4.1582692e-07, 0.07413556, -0.804367, 1.4401827)
bind/24/name = &"RightRingIntermediate"
bind/24/bone = -1
bind/24/pose = Transform3D(-5.3478313e-08, 4.1485876e-07, 1, -0.99999994, -4.9881316e-07, -1.8306313e-08, 4.7273613e-07, -1, 4.1582692e-07, 0.07414609, -0.83815974, 1.4401827)
bind/25/name = &"RightRingDistal"
bind/25/bone = -1
bind/25/pose = Transform3D(-5.3434658e-08, 4.1485876e-07, 1.0000001, -1, -4.9881316e-07, -1.8277209e-08, 4.727362e-07, -1, 4.1582692e-07, 0.07414229, -0.8670566, 1.4401827)
bind/26/name = &"mixamorig_RightHandRing4"
bind/26/bone = -1
bind/26/pose = Transform3D(0.0019554074, 0.00029214265, 0.99999803, -0.9999981, 4.4076987e-07, 0.0019554072, 1.3048889e-07, -0.99999994, 0.00029214294, 0.07545969, -0.89329946, 1.4402039)
bind/27/name = &"RightLittleProximal"
bind/27/bone = -1
bind/27/pose = Transform3D(-5.3322037e-08, 4.1485876e-07, 1.0000001, -1, -4.988133e-07, -1.8160812e-08, 4.7273534e-07, -1, 4.1582692e-07, 0.09354702, -0.7940979, 1.4357463)
bind/28/name = &"RightLittleIntermediate"
bind/28/bone = -1
bind/28/pose = Transform3D(-5.3089206e-08, 4.1485876e-07, 1.0000001, -0.99999994, -4.988133e-07, -1.8160812e-08, 4.7273625e-07, -1, 4.1582692e-07, 0.09358448, -0.83009785, 1.435746)
bind/29/name = &"RightLittleDistal"
bind/29/bone = -1
bind/29/pose = Transform3D(-5.3322037e-08, 4.1485876e-07, 1.0000001, -1, -4.988133e-07, -1.8277227e-08, 4.7273534e-07, -1, 4.1582697e-07, 0.093641885, -0.8510978, 1.4357458)
bind/30/name = &"mixamorig_RightHandPinky4"
bind/30/bone = -1
bind/30/pose = Transform3D(-0.0016572287, 0.0031389454, 0.9999936, -0.99999857, -9.004813e-06, -0.0016572085, 3.8028684e-06, -0.999995, 0.0031389561, 0.08772647, -0.8723973, 1.4360354)
bind/31/name = &"LeftShoulder"
bind/31/bone = -1
bind/31/pose = Transform3D(2.1006802e-08, 4.2509456e-07, 1.0000001, 1, 5.029142e-07, -8.940697e-08, -5.029142e-07, 1.0000001, -4.04194e-07, 0.033163115, -0.045705065, -1.4458592)
bind/32/name = &"LeftUpperArm"
bind/32/bone = -1
bind/32/pose = Transform3D(-1.6854173e-08, -4.250936e-07, -1.0000001, 1, 5.037708e-07, -8.728142e-08, 5.000451e-07, -1.0000001, 4.0414423e-07, -0.055484325, -0.15162876, 1.4406133)
bind/33/name = &"LeftLowerArm"
bind/33/bone = -1
bind/33/pose = Transform3D(5.000451e-07, -1.0000001, 4.0414423e-07, 1, 5.037708e-07, -8.728142e-08, 1.6854173e-08, 4.250936e-07, 1.0000001, 1.4406128, -0.430044, 0.05548409)
bind/34/name = &"LeftHand"
bind/34/bone = -1
bind/34/pose = Transform3D(-1.6854173e-08, -4.250936e-07, -1.0000001, 1, 5.037708e-07, -8.728142e-08, 5.000451e-07, -1.0000001, 4.0414423e-07, -0.055483907, -0.7133323, 1.4406123)
bind/35/name = &"LeftThumbMetacarpal"
bind/35/bone = -1
bind/35/pose = Transform3D(-4.7683716e-07, 1.0000001, -4.3213367e-07, 0.8169925, 6.556511e-07, 0.5777019, 0.57770187, -5.9604645e-08, -0.81699276, -1.4248503, -0.58637464, -0.44976074)
bind/36/name = &"LeftThumbProximal"
bind/36/bone = -1
bind/36/pose = Transform3D(-5.364418e-07, 1.0000002, -4.3213365e-07, 0.81699264, 6.2584877e-07, 0.5777019, 0.5777019, -2.9802322e-08, -0.8169928, -1.4061298, -0.62373537, -0.45269254)
bind/37/name = &"LeftThumbDistal"
bind/37/bone = -1
bind/37/pose = Transform3D(-5.364418e-07, 1.0000004, -4.470349e-07, 0.8169926, 6.556511e-07, 0.5777019, 0.57770187, -2.9802322e-08, -0.8169928, -1.3908421, -0.6541841, -0.45566294)
bind/38/name = &"mixamorig_LeftHandThumb4"
bind/38/bone = -1
bind/38/pose = Transform3D(0.54876274, -0.033706583, -0.83529836, 0.73969764, -0.44595924, 0.50395197, -0.38949558, -0.89441824, -0.21979319, -0.38778663, 0.0023601786, 1.5555578)
bind/39/name = &"LeftIndexProximal"
bind/39/bone = -1
bind/39/pose = Transform3D(-1.6852182e-08, -4.2509362e-07, -1.0000001, 1, 5.037707e-07, -8.728239e-08, 5.0004496e-07, -1.0000001, 4.0414423e-07, -0.032885198, -0.80442536, 1.4354318)
bind/40/name = &"LeftIndexIntermediate"
bind/40/bone = -1
bind/40/pose = Transform3D(-1.6852471e-08, -4.2509362e-07, -1.0000001, 1, 5.037707e-07, -8.728239e-08, 5.0004496e-07, -1.0000001, 4.0414423e-07, -0.03288843, -0.8414254, 1.4354317)
bind/41/name = &"LeftIndexDistal"
bind/41/bone = -1
bind/41/pose = Transform3D(-1.6853665e-08, -4.2509362e-07, -1.0000001, 1, 5.0377093e-07, -8.728239e-08, 5.000452e-07, -1.0000001, 4.0414423e-07, -0.032884926, -0.86992544, 1.4354316)
bind/42/name = &"mixamorig_LeftHandIndex4"
bind/42/bone = -1
bind/42/pose = Transform3D(-3.577316e-05, -0.00075512636, -0.9999997, 1, -3.884038e-06, -3.5770234e-05, -3.8570265e-06, -0.9999997, 0.00075512653, -0.03176976, -0.8976689, 1.4354596)
bind/43/name = &"LeftMiddleProximal"
bind/43/bone = -1
bind/43/pose = Transform3D(-1.6851962e-08, -4.250936e-07, -1.0000001, 1, 5.0377093e-07, -8.728239e-08, 5.000452e-07, -1.0000001, 4.0414426e-07, -0.05548346, -0.80866635, 1.4406124)
bind/44/name = &"LeftMiddleIntermediate"
bind/44/bone = -1
bind/44/pose = Transform3D(-1.6853642e-08, -4.2509362e-07, -1.0000001, 1, 5.037708e-07, -8.7286026e-08, 5.000451e-07, -1.0000001, 4.0414426e-07, -0.055485774, -0.8456663, 1.4406124)
bind/45/name = &"LeftMiddleDistal"
bind/45/bone = -1
bind/45/pose = Transform3D(-1.6853278e-08, -4.2509362e-07, -1.0000001, 1, 5.037708e-07, -8.7286026e-08, 5.000451e-07, -1.0000001, 4.0414423e-07, -0.055486366, -0.87516636, 1.4406123)
bind/46/name = &"mixamorig_LeftHandMiddle4"
bind/46/bone = -1
bind/46/pose = Transform3D(7.727003e-05, -0.0020482806, -0.9999979, 1, -6.926446e-07, 7.727161e-05, -8.509171e-07, -0.9999979, 0.0020482803, -0.052605364, -0.90468895, 1.440724)
bind/47/name = &"LeftRingProximal"
bind/47/bone = -1
bind/47/pose = Transform3D(-1.6854875e-08, -4.250936e-07, -1.0000001, 1, 5.037707e-07, -8.728239e-08, 5.0004496e-07, -1.0000001, 4.0414426e-07, -0.07413464, -0.8043777, 1.440182)
bind/48/name = &"LeftRingIntermediate"
bind/48/bone = -1
bind/48/pose = Transform3D(-1.6854875e-08, -4.250936e-07, -1.0000001, 1, 5.037707e-07, -8.728239e-08, 5.0004496e-07, -1.0000001, 4.0414426e-07, -0.074134216, -0.83587766, 1.4401819)
bind/49/name = &"LeftRingDistal"
bind/49/bone = -1
bind/49/pose = Transform3D(-1.6854875e-08, -4.250936e-07, -1.0000001, 1, 5.037707e-07, -8.728239e-08, 5.0004496e-07, -1.0000001, 4.0414426e-07, -0.07413385, -0.86537766, 1.4401817)
bind/50/name = &"mixamorig_LeftHandRing4"
bind/50/bone = -1
bind/50/pose = Transform3D(4.5546425e-05, 0.0009868745, -0.9999995, 1, -1.8881813e-06, 4.5544588e-05, -1.8432338e-06, -0.9999995, -0.0009868746, -0.07559574, -0.891814, 1.4401097)
bind/51/name = &"LeftLittleProximal"
bind/51/bone = -1
bind/51/pose = Transform3D(-1.6760072e-08, -4.250936e-07, -1.0000001, 1, 5.0377093e-07, -8.707866e-08, 5.0004473e-07, -1.0000001, 4.0414426e-07, -0.09354647, -0.79411024, 1.4357433)
bind/52/name = &"LeftLittleIntermediate"
bind/52/bone = -1
bind/52/pose = Transform3D(-1.6294912e-08, -4.250936e-07, -1.0000001, 1, 5.0377093e-07, -8.6845866e-08, 5.0004564e-07, -1.0000001, 4.0414426e-07, -0.09339923, -0.8301099, 1.4357437)
bind/53/name = &"LeftLittleDistal"
bind/53/bone = -1
bind/53/pose = Transform3D(-1.6294997e-08, -4.2509356e-07, -1.0000001, 1, 5.0377093e-07, -8.6845866e-08, 5.000461e-07, -1.0000001, 4.041443e-07, -0.09332217, -0.85110974, 1.4357438)
bind/54/name = &"mixamorig_LeftHandPinky4"
bind/54/bone = -1
bind/54/pose = Transform3D(0.0029441789, -0.00156677, -0.99999446, 0.99999565, 6.410367e-06, 0.0029441721, 1.7974905e-06, -0.99999875, 0.001566782, -0.093566045, -0.87209505, 1.4358871)
bind/55/name = &"RightUpperLeg"
bind/55/bone = -1
bind/55/pose = Transform3D(-1.0000002, -5.0102324e-07, 1.7763568e-15, 5.0102324e-07, -1.0000001, 3.669411e-07, -1.8562929e-13, 3.6740676e-07, 0.99999994, -0.08207748, 0.9752322, 0.00045208167)
bind/56/name = &"RightLowerLeg"
bind/56/bone = -1
bind/56/pose = Transform3D(1.0000002, 5.010232e-07, 1.7763568e-15, 5.0102324e-07, -1.0000001, 3.7252903e-07, 1.8562929e-13, -3.6507845e-07, -0.9999999, 0.08207771, 0.531531, 0.0030071437)
bind/57/name = &"RightFoot"
bind/57/bone = -1
bind/57/pose = Transform3D(-1.0000002, -5.010232e-07, 2.842171e-14, -1.8474111e-13, 3.2782555e-07, 0.9999999, -5.0102324e-07, 1, -3.5762787e-07, -0.08207793, 0.027428381, -0.08729416)
bind/58/name = &"RightToes"
bind/58/bone = -1
bind/58/pose = Transform3D(1.0000002, 5.0102324e-07, -1.4918622e-16, -2.1812933e-13, 2.9587682e-07, 0.9999999, 5.0102324e-07, -1, 3.2567186e-07, 0.08207799, -0.07967719, 7.4183604e-06)
bind/59/name = &"mixamorig_RightToe_End"
bind/59/bone = -1
bind/59/pose = Transform3D(-0.9997305, -0.023214292, -1.994512e-06, -3.0161132e-07, -7.292844e-05, 1, -0.023214292, 0.9997305, 7.290178e-05, -0.08205552, -0.17245843, -0.0019185918)
bind/60/name = &"LeftUpperLeg"
bind/60/bone = -1
bind/60/pose = Transform3D(-1.0000002, -5.0102324e-07, 8.881784e-16, 5.0102324e-07, -1.0000001, 3.6600977e-07, -1.851852e-13, 3.6787242e-07, 0.99999994, 0.082078345, 0.97523177, 0.00045203604)
bind/61/name = &"LeftLowerLeg"
bind/61/bone = -1
bind/61/pose = Transform3D(1.0000002, 5.0102324e-07, 0, 5.0102324e-07, -1, 3.7252903e-07, 1.8562929e-13, -3.7252903e-07, -0.9999999, -0.08207811, 0.53153133, 0.0030173808)
bind/62/name = &"LeftFoot"
bind/62/bone = -1
bind/62/pose = Transform3D(-1.0000002, -5.0102324e-07, 2.842171e-14, -1.7763568e-13, 4.172325e-07, 0.9999999, -5.0102324e-07, 1.0000001, -4.4703484e-07, 0.082077876, 0.027426701, -0.08729485)
bind/63/name = &"LeftToes"
bind/63/bone = -1
bind/63/pose = Transform3D(1.0000002, 5.0102335e-07, -6.51805e-14, -1.9146837e-13, 4.1175372e-07, 0.9999999, 5.0102324e-07, -1.0000001, 4.1173917e-07, -0.082077816, -0.079678856, 8.104551e-06)
bind/64/name = &"mixamorig_LeftToe_End"
bind/64/bone = -1
bind/64/pose = Transform3D(-0.99971825, 0.02373695, 1.4299478e-06, -3.0131488e-07, -7.2931776e-05, 1, 0.023736948, 0.99971825, 7.2918374e-05, 0.082054354, -0.17246021, -0.0019622624)

[sub_resource type="Skin" id="Skin_31q7r"]
resource_name = "Skin"
bind_count = 64
bind/0/name = &"Hips"
bind/0/bone = -1
bind/0/pose = Transform3D(1, 5.010232e-07, -4.1956063e-26, -5.0102324e-07, 0.99999994, -3.6787242e-07, -1.8474111e-13, 3.6787242e-07, 0.99999994, -4.4516838e-07, -1.0427487, -0.015543543)
bind/1/name = &"Spine"
bind/1/bone = -1
bind/1/pose = Transform3D(1, 5.0102324e-07, -7.1054274e-15, -5.010232e-07, 1, -3.7252903e-07, -1.8474111e-13, 3.7252903e-07, 1, -4.4516415e-07, -1.1445645, -0.016858786)
bind/2/name = &"Chest"
bind/2/bone = -1
bind/2/pose = Transform3D(1, 5.0102324e-07, -7.1054274e-15, -5.010232e-07, 1, -3.7252903e-07, -1.8474111e-13, 3.7252903e-07, 1, -4.9463137e-07, -1.2435043, -0.0021516979)
bind/3/name = &"UpperChest"
bind/3/bone = -1
bind/3/pose = Transform3D(1, 5.010232e-07, 5.3290705e-15, -5.010232e-07, 1.0000001, -3.6507845e-07, -1.9184654e-13, 3.6507845e-07, 1.0000001, -5.4073274e-07, -1.3357121, 0.011554703)
bind/4/name = &"Neck"
bind/4/bone = -1
bind/4/pose = Transform3D(1, 5.010232e-07, 5.3290705e-15, -5.010232e-07, 1.0000001, -3.6507845e-07, -1.9184654e-13, 3.6507845e-07, 1.0000001, -6.367731e-07, -1.503116, 0.03204499)
bind/5/name = &"Head"
bind/5/bone = -1
bind/5/pose = Transform3D(1, 5.010232e-07, 5.3290705e-15, -5.010232e-07, 1.0000001, -3.6507845e-07, -1.9184654e-13, 3.6507845e-07, 1.0000001, -6.8960634e-07, -1.5992949, 0.015194863)
bind/6/name = &"RightShoulder"
bind/6/bone = -1
bind/6/pose = Transform3D(6.53495e-08, -4.1579005e-07, -1.0000001, -0.99999994, -5.029142e-07, 2.6775757e-17, -4.7311187e-07, 1, -4.163012e-07, -0.03316342, -0.045699093, -1.4458611)
bind/7/name = &"RightUpperArm"
bind/7/bone = -1
bind/7/pose = Transform3D(-5.3479223e-08, 4.1485876e-07, 1.0000001, -1, -4.9881316e-07, -1.8277703e-08, 4.727362e-07, -1, 4.158269e-07, 0.0554844, -0.15162756, 1.440613)
bind/8/name = &"RightLowerArm"
bind/8/bone = -1
bind/8/pose = Transform3D(-4.727362e-07, 1, -4.158269e-07, -1, -4.9881316e-07, -1.8277703e-08, -5.3479223e-08, 4.1485876e-07, 1.0000001, -1.4406132, -0.4300427, 0.055484425)
bind/9/name = &"RightHand"
bind/9/bone = -1
bind/9/pose = Transform3D(-5.3479223e-08, 4.1485876e-07, 1.0000001, -1, -4.9881316e-07, -1.8277703e-08, 4.727362e-07, -1, 4.158269e-07, 0.055484224, -0.7133311, 1.4406133)
bind/10/name = &"RightThumbMetacarpal"
bind/10/bone = -1
bind/10/pose = Transform3D(5.066395e-07, -0.99999994, 4.0233135e-07, -0.81699264, -1.7881393e-07, 0.577702, -0.57770187, -6.556511e-07, -0.8169927, 1.4248735, -0.58636326, -0.44975162)
bind/11/name = &"RightThumbProximal"
bind/11/bone = -1
bind/11/pose = Transform3D(4.7683716e-07, -1, 4.0233135e-07, -0.8169927, -2.0861626e-07, 0.57770205, -0.5777019, -6.7055225e-07, -0.8169928, 1.4061457, -0.6237478, -0.45260465)
bind/12/name = &"RightThumbDistal"
bind/12/bone = -1
bind/12/pose = Transform3D(4.7683716e-07, -1.0000001, 3.8743022e-07, -0.81699264, -1.7881393e-07, 0.577702, -0.57770187, -6.4074993e-07, -0.8169927, 1.390866, -0.654176, -0.45558375)
bind/13/name = &"mixamorig_RightHandThumb4"
bind/13/bone = -1
bind/13/pose = Transform3D(0.5537738, 0.048262842, 0.8312671, -0.73324835, -0.44479457, 0.5143001, 0.39456472, -0.89433116, -0.21092695, 0.37183794, 0.005926404, 1.559439)
bind/14/name = &"RightIndexProximal"
bind/14/bone = -1
bind/14/pose = Transform3D(-5.3463193e-08, 4.1485873e-07, 1, -1, -4.988133e-07, -1.8277218e-08, 4.7273625e-07, -1, 4.158269e-07, 0.03288588, -0.804414, 1.4354347)
bind/15/name = &"RightIndexIntermediate"
bind/15/bone = -1
bind/15/pose = Transform3D(-5.3492297e-08, 4.1485873e-07, 1, -1, -4.988133e-07, -1.8335426e-08, 4.7273625e-07, -1, 4.158269e-07, 0.032873724, -0.841414, 1.4354348)
bind/16/name = &"RightIndexDistal"
bind/16/bone = -1
bind/16/pose = Transform3D(-5.349457e-08, 4.1485873e-07, 1, -1, -4.9881316e-07, -1.83377e-08, 4.7273636e-07, -1, 4.158269e-07, 0.032878935, -0.86991394, 1.4354348)
bind/17/name = &"mixamorig_RightHandIndex4"
bind/17/bone = -1
bind/17/pose = Transform3D(-0.00018116942, 0.0020053764, 0.999998, -1, 9.4269353e-07, -0.0001811717, -1.3060089e-06, -0.999998, 0.0020053762, 0.029838493, -0.89764386, 1.4354963)
bind/18/name = &"RightMiddleProximal"
bind/18/bone = -1
bind/18/pose = Transform3D(-5.3433777e-08, 4.1485873e-07, 1.0000001, -1, -4.988133e-07, -1.827722e-08, 4.7273625e-07, -1, 4.1582692e-07, 0.05548447, -0.8086562, 1.4406129)
bind/19/name = &"RightMiddleIntermediate"
bind/19/bone = -1
bind/19/pose = Transform3D(-5.337557e-08, 4.1485873e-07, 1.0000002, -1.0000001, -4.988135e-07, -1.827722e-08, 4.7273647e-07, -1, 4.1582692e-07, 0.05544734, -0.84565616, 1.440613)
bind/20/name = &"RightMiddleDistal"
bind/20/bone = -1
bind/20/pose = Transform3D(-5.3310085e-08, 4.1485873e-07, 1.0000002, -1.0000001, -4.9881305e-07, -1.820446e-08, 4.7273647e-07, -1, 4.1582692e-07, 0.055467885, -0.8751562, 1.4406132)
bind/21/name = &"mixamorig_RightHandMiddle4"
bind/21/bone = -1
bind/21/pose = Transform3D(-0.00038537828, 0.0018576231, 0.99999833, -0.99999994, 1.4158915e-06, -0.00038538154, -2.1317826e-06, -0.9999983, 0.0018576224, 0.052445233, -0.90464646, 1.4407114)
bind/22/name = &"RightRingProximal"
bind/22/bone = -1
bind/22/pose = Transform3D(-5.346376e-08, 4.1485876e-07, 1, -1, -4.9881316e-07, -1.8277209e-08, 4.727362e-07, -1, 4.1582692e-07, 0.07413556, -0.804367, 1.4401827)
bind/23/name = &"RightRingIntermediate"
bind/23/bone = -1
bind/23/pose = Transform3D(-5.3478313e-08, 4.1485876e-07, 1, -0.99999994, -4.9881316e-07, -1.8306313e-08, 4.7273613e-07, -1, 4.1582692e-07, 0.07414609, -0.83815974, 1.4401827)
bind/24/name = &"RightRingDistal"
bind/24/bone = -1
bind/24/pose = Transform3D(-5.3434658e-08, 4.1485876e-07, 1.0000001, -1, -4.9881316e-07, -1.8277209e-08, 4.727362e-07, -1, 4.1582692e-07, 0.07414229, -0.8670566, 1.4401827)
bind/25/name = &"mixamorig_RightHandRing4"
bind/25/bone = -1
bind/25/pose = Transform3D(0.0019554074, 0.00029214265, 0.99999803, -0.9999981, 4.4076987e-07, 0.0019554072, 1.3048889e-07, -0.99999994, 0.00029214294, 0.07545969, -0.89329946, 1.4402039)
bind/26/name = &"RightLittleProximal"
bind/26/bone = -1
bind/26/pose = Transform3D(-5.3322037e-08, 4.1485876e-07, 1.0000001, -1, -4.988133e-07, -1.8160812e-08, 4.7273534e-07, -1, 4.1582692e-07, 0.09354702, -0.7940979, 1.4357463)
bind/27/name = &"RightLittleIntermediate"
bind/27/bone = -1
bind/27/pose = Transform3D(-5.3089206e-08, 4.1485876e-07, 1.0000001, -0.99999994, -4.988133e-07, -1.8160812e-08, 4.7273625e-07, -1, 4.1582692e-07, 0.09358448, -0.83009785, 1.435746)
bind/28/name = &"RightLittleDistal"
bind/28/bone = -1
bind/28/pose = Transform3D(-5.3322037e-08, 4.1485876e-07, 1.0000001, -1, -4.988133e-07, -1.8277227e-08, 4.7273534e-07, -1, 4.1582697e-07, 0.093641885, -0.8510978, 1.4357458)
bind/29/name = &"mixamorig_RightHandPinky4"
bind/29/bone = -1
bind/29/pose = Transform3D(-0.0016572287, 0.0031389454, 0.9999936, -0.99999857, -9.004813e-06, -0.0016572085, 3.8028684e-06, -0.999995, 0.0031389561, 0.08772647, -0.8723973, 1.4360354)
bind/30/name = &"LeftShoulder"
bind/30/bone = -1
bind/30/pose = Transform3D(2.1006802e-08, 4.2509456e-07, 1.0000001, 1, 5.029142e-07, -8.940697e-08, -5.029142e-07, 1.0000001, -4.04194e-07, 0.033163115, -0.045705065, -1.4458592)
bind/31/name = &"LeftUpperArm"
bind/31/bone = -1
bind/31/pose = Transform3D(-1.6854173e-08, -4.250936e-07, -1.0000001, 1, 5.037708e-07, -8.728142e-08, 5.000451e-07, -1.0000001, 4.0414423e-07, -0.055484325, -0.15162876, 1.4406133)
bind/32/name = &"LeftLowerArm"
bind/32/bone = -1
bind/32/pose = Transform3D(5.000451e-07, -1.0000001, 4.0414423e-07, 1, 5.037708e-07, -8.728142e-08, 1.6854173e-08, 4.250936e-07, 1.0000001, 1.4406128, -0.430044, 0.05548409)
bind/33/name = &"LeftHand"
bind/33/bone = -1
bind/33/pose = Transform3D(-1.6854173e-08, -4.250936e-07, -1.0000001, 1, 5.037708e-07, -8.728142e-08, 5.000451e-07, -1.0000001, 4.0414423e-07, -0.055483907, -0.7133323, 1.4406123)
bind/34/name = &"LeftThumbMetacarpal"
bind/34/bone = -1
bind/34/pose = Transform3D(-4.7683716e-07, 1.0000001, -4.3213367e-07, 0.8169925, 6.556511e-07, 0.5777019, 0.57770187, -5.9604645e-08, -0.81699276, -1.4248503, -0.58637464, -0.44976074)
bind/35/name = &"LeftThumbProximal"
bind/35/bone = -1
bind/35/pose = Transform3D(-5.364418e-07, 1.0000002, -4.3213365e-07, 0.81699264, 6.2584877e-07, 0.5777019, 0.5777019, -2.9802322e-08, -0.8169928, -1.4061298, -0.62373537, -0.45269254)
bind/36/name = &"LeftThumbDistal"
bind/36/bone = -1
bind/36/pose = Transform3D(-5.364418e-07, 1.0000004, -4.470349e-07, 0.8169926, 6.556511e-07, 0.5777019, 0.57770187, -2.9802322e-08, -0.8169928, -1.3908421, -0.6541841, -0.45566294)
bind/37/name = &"mixamorig_LeftHandThumb4"
bind/37/bone = -1
bind/37/pose = Transform3D(0.54876274, -0.033706583, -0.83529836, 0.73969764, -0.44595924, 0.50395197, -0.38949558, -0.89441824, -0.21979319, -0.38778663, 0.0023601786, 1.5555578)
bind/38/name = &"LeftIndexProximal"
bind/38/bone = -1
bind/38/pose = Transform3D(-1.6852182e-08, -4.2509362e-07, -1.0000001, 1, 5.037707e-07, -8.728239e-08, 5.0004496e-07, -1.0000001, 4.0414423e-07, -0.032885198, -0.80442536, 1.4354318)
bind/39/name = &"LeftIndexIntermediate"
bind/39/bone = -1
bind/39/pose = Transform3D(-1.6852471e-08, -4.2509362e-07, -1.0000001, 1, 5.037707e-07, -8.728239e-08, 5.0004496e-07, -1.0000001, 4.0414423e-07, -0.03288843, -0.8414254, 1.4354317)
bind/40/name = &"LeftIndexDistal"
bind/40/bone = -1
bind/40/pose = Transform3D(-1.6853665e-08, -4.2509362e-07, -1.0000001, 1, 5.0377093e-07, -8.728239e-08, 5.000452e-07, -1.0000001, 4.0414423e-07, -0.032884926, -0.86992544, 1.4354316)
bind/41/name = &"mixamorig_LeftHandIndex4"
bind/41/bone = -1
bind/41/pose = Transform3D(-3.577316e-05, -0.00075512636, -0.9999997, 1, -3.884038e-06, -3.5770234e-05, -3.8570265e-06, -0.9999997, 0.00075512653, -0.03176976, -0.8976689, 1.4354596)
bind/42/name = &"LeftMiddleProximal"
bind/42/bone = -1
bind/42/pose = Transform3D(-1.6851962e-08, -4.250936e-07, -1.0000001, 1, 5.0377093e-07, -8.728239e-08, 5.000452e-07, -1.0000001, 4.0414426e-07, -0.05548346, -0.80866635, 1.4406124)
bind/43/name = &"LeftMiddleIntermediate"
bind/43/bone = -1
bind/43/pose = Transform3D(-1.6853642e-08, -4.2509362e-07, -1.0000001, 1, 5.037708e-07, -8.7286026e-08, 5.000451e-07, -1.0000001, 4.0414426e-07, -0.055485774, -0.8456663, 1.4406124)
bind/44/name = &"LeftMiddleDistal"
bind/44/bone = -1
bind/44/pose = Transform3D(-1.6853278e-08, -4.2509362e-07, -1.0000001, 1, 5.037708e-07, -8.7286026e-08, 5.000451e-07, -1.0000001, 4.0414423e-07, -0.055486366, -0.87516636, 1.4406123)
bind/45/name = &"mixamorig_LeftHandMiddle4"
bind/45/bone = -1
bind/45/pose = Transform3D(7.727003e-05, -0.0020482806, -0.9999979, 1, -6.926446e-07, 7.727161e-05, -8.509171e-07, -0.9999979, 0.0020482803, -0.052605364, -0.90468895, 1.440724)
bind/46/name = &"LeftRingProximal"
bind/46/bone = -1
bind/46/pose = Transform3D(-1.6854875e-08, -4.250936e-07, -1.0000001, 1, 5.037707e-07, -8.728239e-08, 5.0004496e-07, -1.0000001, 4.0414426e-07, -0.07413464, -0.8043777, 1.440182)
bind/47/name = &"LeftRingIntermediate"
bind/47/bone = -1
bind/47/pose = Transform3D(-1.6854875e-08, -4.250936e-07, -1.0000001, 1, 5.037707e-07, -8.728239e-08, 5.0004496e-07, -1.0000001, 4.0414426e-07, -0.074134216, -0.83587766, 1.4401819)
bind/48/name = &"LeftRingDistal"
bind/48/bone = -1
bind/48/pose = Transform3D(-1.6854875e-08, -4.250936e-07, -1.0000001, 1, 5.037707e-07, -8.728239e-08, 5.0004496e-07, -1.0000001, 4.0414426e-07, -0.07413385, -0.86537766, 1.4401817)
bind/49/name = &"mixamorig_LeftHandRing4"
bind/49/bone = -1
bind/49/pose = Transform3D(4.5546425e-05, 0.0009868745, -0.9999995, 1, -1.8881813e-06, 4.5544588e-05, -1.8432338e-06, -0.9999995, -0.0009868746, -0.07559574, -0.891814, 1.4401097)
bind/50/name = &"LeftLittleProximal"
bind/50/bone = -1
bind/50/pose = Transform3D(-1.6760072e-08, -4.250936e-07, -1.0000001, 1, 5.0377093e-07, -8.707866e-08, 5.0004473e-07, -1.0000001, 4.0414426e-07, -0.09354647, -0.79411024, 1.4357433)
bind/51/name = &"LeftLittleIntermediate"
bind/51/bone = -1
bind/51/pose = Transform3D(-1.6294912e-08, -4.250936e-07, -1.0000001, 1, 5.0377093e-07, -8.6845866e-08, 5.0004564e-07, -1.0000001, 4.0414426e-07, -0.09339923, -0.8301099, 1.4357437)
bind/52/name = &"LeftLittleDistal"
bind/52/bone = -1
bind/52/pose = Transform3D(-1.6294997e-08, -4.2509356e-07, -1.0000001, 1, 5.0377093e-07, -8.6845866e-08, 5.000461e-07, -1.0000001, 4.041443e-07, -0.09332217, -0.85110974, 1.4357438)
bind/53/name = &"mixamorig_LeftHandPinky4"
bind/53/bone = -1
bind/53/pose = Transform3D(0.0029441789, -0.00156677, -0.99999446, 0.99999565, 6.410367e-06, 0.0029441721, 1.7974905e-06, -0.99999875, 0.001566782, -0.093566045, -0.87209505, 1.4358871)
bind/54/name = &"RightUpperLeg"
bind/54/bone = -1
bind/54/pose = Transform3D(-1.0000002, -5.0102324e-07, 1.7763568e-15, 5.0102324e-07, -1.0000001, 3.669411e-07, -1.8562929e-13, 3.6740676e-07, 0.99999994, -0.08207748, 0.9752322, 0.00045208167)
bind/55/name = &"RightLowerLeg"
bind/55/bone = -1
bind/55/pose = Transform3D(1.0000002, 5.010232e-07, 1.7763568e-15, 5.0102324e-07, -1.0000001, 3.7252903e-07, 1.8562929e-13, -3.6507845e-07, -0.9999999, 0.08207771, 0.531531, 0.0030071437)
bind/56/name = &"RightFoot"
bind/56/bone = -1
bind/56/pose = Transform3D(-1.0000002, -5.010232e-07, 2.842171e-14, -1.8474111e-13, 3.2782555e-07, 0.9999999, -5.0102324e-07, 1, -3.5762787e-07, -0.08207793, 0.027428381, -0.08729416)
bind/57/name = &"RightToes"
bind/57/bone = -1
bind/57/pose = Transform3D(1.0000002, 5.0102324e-07, -1.4918622e-16, -2.1812933e-13, 2.9587682e-07, 0.9999999, 5.0102324e-07, -1, 3.2567186e-07, 0.08207799, -0.07967719, 7.4183604e-06)
bind/58/name = &"mixamorig_RightToe_End"
bind/58/bone = -1
bind/58/pose = Transform3D(-0.9997305, -0.023214292, -1.994512e-06, -3.0161132e-07, -7.292844e-05, 1, -0.023214292, 0.9997305, 7.290178e-05, -0.08205552, -0.17245843, -0.0019185918)
bind/59/name = &"LeftUpperLeg"
bind/59/bone = -1
bind/59/pose = Transform3D(-1.0000002, -5.0102324e-07, 8.881784e-16, 5.0102324e-07, -1.0000001, 3.6600977e-07, -1.851852e-13, 3.6787242e-07, 0.99999994, 0.082078345, 0.97523177, 0.00045203604)
bind/60/name = &"LeftLowerLeg"
bind/60/bone = -1
bind/60/pose = Transform3D(1.0000002, 5.0102324e-07, 0, 5.0102324e-07, -1, 3.7252903e-07, 1.8562929e-13, -3.7252903e-07, -0.9999999, -0.08207811, 0.53153133, 0.0030173808)
bind/61/name = &"LeftFoot"
bind/61/bone = -1
bind/61/pose = Transform3D(-1.0000002, -5.0102324e-07, 2.842171e-14, -1.7763568e-13, 4.172325e-07, 0.9999999, -5.0102324e-07, 1.0000001, -4.4703484e-07, 0.082077876, 0.027426701, -0.08729485)
bind/62/name = &"LeftToes"
bind/62/bone = -1
bind/62/pose = Transform3D(1.0000002, 5.0102335e-07, -6.51805e-14, -1.9146837e-13, 4.1175372e-07, 0.9999999, 5.0102324e-07, -1.0000001, 4.1173917e-07, -0.082077816, -0.079678856, 8.104551e-06)
bind/63/name = &"mixamorig_LeftToe_End"
bind/63/bone = -1
bind/63/pose = Transform3D(-0.99971825, 0.02373695, 1.4299478e-06, -3.0131488e-07, -7.2931776e-05, 1, 0.023736948, 0.99971825, 7.2918374e-05, 0.082054354, -0.17246021, -0.0019622624)

[sub_resource type="SphereMesh" id="SphereMesh_a4prh"]
radius = 0.3
height = 0.5

[sub_resource type="CapsuleMesh" id="CapsuleMesh_0g2mo"]
radius = 0.4
height = 1.5

[sub_resource type="BoxMesh" id="BoxMesh_a4prh"]
size = Vector3(0.2, 0.2, 0.2)

[node name="PlayerCharacter" type="CharacterBody3D" unique_id=216675347 node_paths=PackedStringArray("CameraRoot", "PlayerBodyRoot", "AnimationPlayer")]
script = ExtResource("1_a4prh")
CameraRoot = NodePath("CameraRoot")
PlayerBodyRoot = NodePath("Collider")
AnimationPlayer = NodePath("Collider/AnimationPlayer")

[node name="CameraRoot" type="Node3D" parent="." unique_id=676875908]
transform = Transform3D(1, 0, 0, 0, 0.8901015, 0.45576242, 0, -0.45576242, 0.8901015, 0, 0.6839129, 0)

[node name="CameraBoom" type="SpringArm3D" parent="CameraRoot" unique_id=471557258]
collision_mask = 2
spring_length = 4.0

[node name="MainCamera" type="Camera3D" parent="CameraRoot/CameraBoom" unique_id=1409102846]
transform = Transform3D(1, 0, 0, 0, 1, 0, 0, 0, 1, 0, 0, 4)
current = true

[node name="Collider" type="CollisionShape3D" parent="." unique_id=1601213146]
transform = Transform3D(1, 0, 0, 0, 1, 0, 0, 0, 1, 0, 0.9997014, 0)
shape = SubResource("CapsuleShape3D_6ei8a")

[node name="AnimationPlayer" type="AnimationPlayer" parent="Collider" unique_id=1700871534]
root_node = NodePath("../..")
libraries/player_character_anim = SubResource("AnimationLibrary_0g2mo")

[node name="AnimationTree" type="AnimationTree" parent="Collider" unique_id=807462099]
root_node = NodePath("../..")
tree_root = SubResource("AnimationNodeStateMachine_3sb25")
anim_player = NodePath("../AnimationPlayer")

[node name="GeneralSkeleton" type="Skeleton3D" parent="Collider" unique_id=9361656]
unique_name_in_owner = true
transform = Transform3D(-1, 0, -8.742278e-08, 0, 1, 0, 8.742278e-08, 0, -1, 0, -1.147589, 0)
motion_scale = 1.0427487
bones/0/name = "Hips"
bones/0/parent = -1
bones/0/rest = Transform3D(1, 0, 0, 0, 1, 0, 0, 0, 1, -7.727291e-08, 1.0427487, 0.015543158)
bones/0/enabled = true
bones/0/position = Vector3(-7.727291e-08, 1.0427487, 0.015543158)
bones/0/rotation = Quaternion(0.09869047, -0.0037503801, -0.047630787, 0.9939706)
bones/0/scale = Vector3(1, 1, 1)
bones/1/name = "Spine"
bones/1/parent = 0
bones/1/rest = Transform3D(1, 0, 0, 0, 1, 0, 0, 0, 1, -4.2558305e-12, 0.10181587, 0.0013152473)
bones/1/enabled = true
bones/1/position = Vector3(-4.2558305e-12, 0.10181587, 0.0013152473)
bones/1/rotation = Quaternion(0.08777285, 0.006882002, 0.066635124, 0.9938856)
bones/1/scale = Vector3(1, 1, 1)
bones/2/name = "Chest"
bones/2/parent = 1
bones/2/rest = Transform3D(1, 0, 0, 0, 1, 0, 0, 0, 1, 4.9467207e-08, 0.09893964, -0.014707077)
bones/2/enabled = true
bones/2/position = Vector3(4.9467207e-08, 0.09893964, -0.014707077)
bones/2/rotation = Quaternion(0.017704481, -0.0004887476, 0.0044295094, 0.9998334)
bones/2/scale = Vector3(1, 1, 1)
bones/3/name = "UpperChest"
bones/3/parent = 2
bones/3/rest = Transform3D(1, 0, 0, 0, 1, 0, 0, 0, 1, 4.6101448e-08, 0.09220776, -0.013706401)
bones/3/enabled = true
bones/3/position = Vector3(4.6101448e-08, 0.09220776, -0.013706401)
bones/3/rotation = Quaternion(0.043507017, -0.00052879186, 0.001606402, 0.99905175)
bones/3/scale = Vector3(1, 1, 1)
bones/4/name = "Neck"
bones/4/parent = 3
bones/4/rest = Transform3D(1, 0, 0, 0, 1, 0, 0, 0, 1, 9.6040345e-08, 0.16740388, -0.020490285)
bones/4/enabled = true
bones/4/position = Vector3(9.6040345e-08, 0.16740388, -0.020490285)
bones/4/rotation = Quaternion(-0.033507816, -0.0030612056, -0.002323988, 0.9994311)
bones/4/scale = Vector3(1, 1, 1)
bones/5/name = "Head"
bones/5/parent = 4
bones/5/rest = Transform3D(1, 0, 0, 0, 1, 0, 0, 0, 1, 5.2833215e-08, 0.09617889, 0.016850114)
bones/5/enabled = true
bones/5/position = Vector3(5.2833215e-08, 0.09617889, 0.016850114)
bones/5/rotation = Quaternion(-0.14048158, 0.0031451231, -0.028113848, 0.9896791)
bones/5/scale = Vector3(1, 1, 1)
bones/6/name = "mixamorig_HeadTop_End"
bones/6/parent = 5
bones/6/rest = Transform3D(1, 5.6943e-07, 2.5102793e-08, -5.682616e-07, 0.9925923, 0.12149359, 4.4265253e-08, -0.12149359, 0.9925923, 1.3176648e-07, 0.22037368, 0.07501104)
bones/6/enabled = true
bones/6/position = Vector3(1.3176648e-07, 0.22037368, 0.07501104)
bones/6/rotation = Quaternion(-0.060859606, -4.7995097e-09, -2.849511e-07, 0.99814636)
bones/6/scale = Vector3(1, 1, 1)
bones/7/name = "RightShoulder"
bones/7/parent = 3
bones/7/rest = Transform3D(0, -1, 0, 0, 0, 1, -1, 0, 0, -0.045699637, 0.11014911, -0.021608802)
bones/7/enabled = true
bones/7/position = Vector3(-0.045699637, 0.11014911, -0.021608802)
bones/7/rotation = Quaternion(0.52476054, -0.46017808, -0.5721603, -0.43069142)
bones/7/scale = Vector3(1, 1, 1)
bones/8/name = "RightUpperArm"
bones/8/parent = 7
bones/8/rest = Transform3D(-1, 0, 0, 0, 1, 0, 0, 0, -1, 0.022320975, 0.10592845, -0.0052480516)
bones/8/enabled = true
bones/8/position = Vector3(0.022320975, 0.10592845, -0.0052480516)
bones/8/rotation = Quaternion(-0.25435066, 0.9056114, -0.3364553, -0.04440323)
bones/8/scale = Vector3(1, 1, 1)
bones/9/name = "RightLowerArm"
bones/9/parent = 8
bones/9/rest = Transform3D(0, 0, 1, 0, 1, 0, -1, 0, 0, -2.5803661e-08, 0.27841517, -1.5350227e-07)
bones/9/enabled = true
bones/9/position = Vector3(-2.5803661e-08, 0.27841517, -1.5350227e-07)
bones/9/rotation = Quaternion(0.50118685, 0.49881035, -0.5011865, 0.4988109)
bones/9/scale = Vector3(1, 1, 1)
bones/10/name = "RightHand"
bones/10/parent = 9
bones/10/rest = Transform3D(0, 0, -1, 0, 1, 0, 1, 0, 0, 1.1146361e-07, 0.2832884, 2.0243208e-07)
bones/10/enabled = true
bones/10/position = Vector3(1.1146361e-07, 0.2832884, 2.0243208e-07)
bones/10/rotation = Quaternion(0.0009312406, -0.73822963, -0.14807057, 0.6580967)
bones/10/scale = Vector3(1, 1, 1)
bones/11/name = "RightThumbMetacarpal"
bones/11/parent = 10
bones/11/rest = Transform3D(0, 0.577, -0.816, 0, 0.816, 0.577, 1, 0, 0, 0.026818514, 0.024648063, 0.015739838)
bones/11/enabled = true
bones/11/position = Vector3(0.026818514, 0.024648063, 0.015739838)
bones/11/rotation = Quaternion(-0.19711022, -0.72154313, -0.17917798, 0.6390763)
bones/11/scale = Vector3(1, 0.99939233, 0.99939233)
bones/12/name = "RightThumbProximal"
bones/12/parent = 11
bones/12/rest = Transform3D(0.99999994, 0, 0, 0, 0.9999999, 2.9802322e-08, 0, -2.9802322e-08, 0.9999999, 0.018727766, 0.037384477, 0.0028529814)
bones/12/enabled = true
bones/12/position = Vector3(0.018727766, 0.037384477, 0.0028529814)
bones/12/rotation = Quaternion(0.06714616, -0.102389745, 0.09639484, 0.9877833)
bones/12/scale = Vector3(0.99999994, 0.9999999, 0.9999999)
bones/13/name = "RightThumbDistal"
bones/13/parent = 12
bones/13/rest = Transform3D(1, 0, 0, 0, 1.0000001, 0, 0, 0, 1.0000001, 0.015279886, 0.030428221, 0.0029791424)
bones/13/enabled = true
bones/13/position = Vector3(0.015279886, 0.030428221, 0.0029791424)
bones/13/rotation = Quaternion(-0.14346342, -0.0034234826, 0.17327748, 0.97436213)
bones/13/scale = Vector3(1, 1.0000001, 1.0000001)
bones/14/name = "mixamorig_RightHandThumb4"
bones/14/parent = 13
bones/14/rest = Transform3D(-0.04826226, 0.44479448, 0.8943315, 0.027795464, 0.89617074, -0.44420928, -0.9990555, 0.0034197867, -0.05561444, 0.011520021, 0.022894824, 0.0026100378)
bones/14/enabled = true
bones/14/position = Vector3(0.011520021, 0.022894824, 0.0026100378)
bones/14/rotation = Quaternion(0.16702366, 0.7070219, -0.15568094, 0.669318)
bones/14/scale = Vector3(1.0006067, 1.0004878, 1.0001218)
bones/15/name = "RightIndexProximal"
bones/15/parent = 10
bones/15/rest = Transform3D(1, 0, 0, 0, 1, 0, 0, 0, 1, 0.022598343, 0.09108284, 0.0051785805)
bones/15/enabled = true
bones/15/position = Vector3(0.022598343, 0.09108284, 0.0051785805)
bones/15/rotation = Quaternion(0.595757, 0.043120116, 0.0039015114, 0.80199695)
bones/15/scale = Vector3(1, 1, 1)
bones/16/name = "RightIndexIntermediate"
bones/16/parent = 15
bones/16/rest = Transform3D(1, 0, 0, 0, 1, 0, 0, 0, 1, 1.2152382e-05, 0.036999997, -6.523368e-08)
bones/16/enabled = true
bones/16/position = Vector3(1.2152382e-05, 0.036999997, -6.523368e-08)
bones/16/rotation = Quaternion(0.6079612, -4.4278804e-05, 0.04932735, 0.7924331)
bones/16/scale = Vector3(1, 1, 1)
