[gd_scene format=3 uid="uid://1wosnpmvhqv6"]

[ext_resource type="PackedScene" uid="uid://btdwb10m38edc" path="res://addons/animations/mixamo/SampleAnim.glb" id="1_l4rkb"]
[ext_resource type="ArrayMesh" uid="uid://cibijymqgx2of" path="res://addons/animations/Mesh/beta_surface.res" id="2_5ngfc"]
[ext_resource type="Script" uid="uid://dhymcb0a1s2aa" path="res://content/arpg/AnimatedCharacter.cs" id="2_fx3xn"]
[ext_resource type="ArrayMesh" uid="uid://dqw1f8xoainef" path="res://addons/animations/Mesh/beta_joints.res" id="3_fx3xn"]

[sub_resource type="Skin" id="Skin_l4rkb"]
resource_name = "Skin2"
bind_count = 65
bind/0/name = &"Hips"
bind/0/bone = -1
bind/0/pose = Transform3D(1, 5.010232e-07, -4.1956063e-26, -5.0102324e-07, 0.99999994, -3.6787242e-07, -1.8474111e-13, 3.6787242e-07, 0.99999994, -4.4516838e-07, -1.0427487, -0.015543543)
bind/1/name = &"Spine"
bind/1/bone = -1
bind/1/pose = Transform3D(1, 5.0102324e-07, -7.1054274e-15, -5.010232e-07, 1, -3.7252903e-07, -1.8474111e-13, 3.7252903e-07, 1, -4.4516415e-07, -1.1445645, -0.016858786)
bind/2/name = &"Chest"
bind/2/bone = -1
bind/2/pose = Transform3D(1, 5.0102324e-07, -7.1054274e-15, -5.010232e-07, 1, -3.7252903e-07, -1.8474111e-13, 3.7252903e-07, 1, -4.9463137e-07, -1.2435043, -0.0021516979)
bind/3/name = &"UpperChest"
bind/3/bone = -1
bind/3/pose = Transform3D(1, 5.010232e-07, 5.3290705e-15, -5.010232e-07, 1.0000001, -3.6507845e-07, -1.9184654e-13, 3.6507845e-07, 1.0000001, -5.4073274e-07, -1.3357121, 0.011554703)
bind/4/name = &"Neck"
bind/4/bone = -1
bind/4/pose = Transform3D(1, 5.010232e-07, 5.3290705e-15, -5.010232e-07, 1.0000001, -3.6507845e-07, -1.9184654e-13, 3.6507845e-07, 1.0000001, -6.367731e-07, -1.503116, 0.03204499)
bind/5/name = &"Head"
bind/5/bone = -1
bind/5/pose = Transform3D(1, 5.010232e-07, 5.3290705e-15, -5.010232e-07, 1.0000001, -3.6507845e-07, -1.9184654e-13, 3.6507845e-07, 1.0000001, -6.8960634e-07, -1.5992949, 0.015194863)
bind/6/name = &"mixamorig_HeadTop_End"
bind/6/bone = -1
bind/6/pose = Transform3D(1, -6.723839e-08, 4.4265462e-08, 7.211831e-08, 0.99259216, -0.12149394, -3.5768487e-08, 0.12149394, 0.99259216, 2.1002707e-07, -1.7989215, -0.2804511)
bind/7/name = &"RightShoulder"
bind/7/bone = -1
bind/7/pose = Transform3D(6.53495e-08, -4.1579005e-07, -1.0000001, -0.99999994, -5.029142e-07, 2.6775757e-17, -4.7311187e-07, 1, -4.163012e-07, -0.03316342, -0.045699093, -1.4458611)
bind/8/name = &"RightUpperArm"
bind/8/bone = -1
bind/8/pose = Transform3D(-5.3479223e-08, 4.1485876e-07, 1.0000001, -1, -4.9881316e-07, -1.8277703e-08, 4.727362e-07, -1, 4.158269e-07, 0.0554844, -0.15162756, 1.440613)
bind/9/name = &"RightLowerArm"
bind/9/bone = -1
bind/9/pose = Transform3D(-4.727362e-07, 1, -4.158269e-07, -1, -4.9881316e-07, -1.8277703e-08, -5.3479223e-08, 4.1485876e-07, 1.0000001, -1.4406132, -0.4300427, 0.055484425)
bind/10/name = &"RightHand"
bind/10/bone = -1
bind/10/pose = Transform3D(-5.3479223e-08, 4.1485876e-07, 1.0000001, -1, -4.9881316e-07, -1.8277703e-08, 4.727362e-07, -1, 4.158269e-07, 0.055484224, -0.7133311, 1.4406133)
bind/11/name = &"RightThumbMetacarpal"
bind/11/bone = -1
bind/11/pose = Transform3D(5.066395e-07, -0.99999994, 4.0233135e-07, -0.81699264, -1.7881393e-07, 0.577702, -0.57770187, -6.556511e-07, -0.8169927, 1.4248735, -0.58636326, -0.44975162)
bind/12/name = &"RightThumbProximal"
bind/12/bone = -1
bind/12/pose = Transform3D(4.7683716e-07, -1, 4.0233135e-07, -0.8169927, -2.0861626e-07, 0.57770205, -0.5777019, -6.7055225e-07, -0.8169928, 1.4061457, -0.6237478, -0.45260465)
bind/13/name = &"RightThumbDistal"
bind/13/bone = -1
bind/13/pose = Transform3D(4.7683716e-07, -1.0000001, 3.8743022e-07, -0.81699264, -1.7881393e-07, 0.577702, -0.57770187, -6.4074993e-07, -0.8169927, 1.390866, -0.654176, -0.45558375)
bind/14/name = &"mixamorig_RightHandThumb4"
bind/14/bone = -1
bind/14/pose = Transform3D(0.5537738, 0.048262842, 0.8312671, -0.73324835, -0.44479457, 0.5143001, 0.39456472, -0.89433116, -0.21092695, 0.37183794, 0.005926404, 1.559439)
bind/15/name = &"RightIndexProximal"
bind/15/bone = -1
bind/15/pose = Transform3D(-5.3463193e-08, 4.1485873e-07, 1, -1, -4.988133e-07, -1.8277218e-08, 4.7273625e-07, -1, 4.158269e-07, 0.03288588, -0.804414, 1.4354347)
bind/16/name = &"RightIndexIntermediate"
bind/16/bone = -1
bind/16/pose = Transform3D(-5.3492297e-08, 4.1485873e-07, 1, -1, -4.988133e-07, -1.8335426e-08, 4.7273625e-07, -1, 4.158269e-07, 0.032873724, -0.841414, 1.4354348)
bind/17/name = &"RightIndexDistal"
bind/17/bone = -1
bind/17/pose = Transform3D(-5.349457e-08, 4.1485873e-07, 1, -1, -4.9881316e-07, -1.83377e-08, 4.7273636e-07, -1, 4.158269e-07, 0.032878935, -0.86991394, 1.4354348)
bind/18/name = &"mixamorig_RightHandIndex4"
bind/18/bone = -1
bind/18/pose = Transform3D(-0.00018116942, 0.0020053764, 0.999998, -1, 9.4269353e-07, -0.0001811717, -1.3060089e-06, -0.999998, 0.0020053762, 0.029838493, -0.89764386, 1.4354963)
bind/19/name = &"RightMiddleProximal"
bind/19/bone = -1
bind/19/pose = Transform3D(-5.3433777e-08, 4.1485873e-07, 1.0000001, -1, -4.988133e-07, -1.827722e-08, 4.7273625e-07, -1, 4.1582692e-07, 0.05548447, -0.8086562, 1.4406129)
bind/20/name = &"RightMiddleIntermediate"
bind/20/bone = -1
bind/20/pose = Transform3D(-5.337557e-08, 4.1485873e-07, 1.0000002, -1.0000001, -4.988135e-07, -1.827722e-08, 4.7273647e-07, -1, 4.1582692e-07, 0.05544734, -0.84565616, 1.440613)
bind/21/name = &"RightMiddleDistal"
bind/21/bone = -1
bind/21/pose = Transform3D(-5.3310085e-08, 4.1485873e-07, 1.0000002, -1.0000001, -4.9881305e-07, -1.820446e-08, 4.7273647e-07, -1, 4.1582692e-07, 0.055467885, -0.8751562, 1.4406132)
bind/22/name = &"mixamorig_RightHandMiddle4"
bind/22/bone = -1
bind/22/pose = Transform3D(-0.00038537828, 0.0018576231, 0.99999833, -0.99999994, 1.4158915e-06, -0.00038538154, -2.1317826e-06, -0.9999983, 0.0018576224, 0.052445233, -0.90464646, 1.4407114)
bind/23/name = &"RightRingProximal"
bind/23/bone = -1
bind/23/pose = Transform3D(-5.346376e-08, 4.1485876e-07, 1, -1, -4.9881316e-07, -1.8277209e-08, 4.727362e-07, -1, 4.1582692e-07, 0.07413556, -0.804367, 1.4401827)
bind/24/name = &"RightRingIntermediate"
bind/24/bone = -1
bind/24/pose = Transform3D(-5.3478313e-08, 4.1485876e-07, 1, -0.99999994, -4.9881316e-07, -1.8306313e-08, 4.7273613e-07, -1, 4.1582692e-07, 0.07414609, -0.83815974, 1.4401827)
bind/25/name = &"RightRingDistal"
bind/25/bone = -1
bind/25/pose = Transform3D(-5.3434658e-08, 4.1485876e-07, 1.0000001, -1, -4.9881316e-07, -1.8277209e-08, 4.727362e-07, -1, 4.1582692e-07, 0.07414229, -0.8670566, 1.4401827)
bind/26/name = &"mixamorig_RightHandRing4"
bind/26/bone = -1
bind/26/pose = Transform3D(0.0019554074, 0.00029214265, 0.99999803, -0.9999981, 4.4076987e-07, 0.0019554072, 1.3048889e-07, -0.99999994, 0.00029214294, 0.07545969, -0.89329946, 1.4402039)
bind/27/name = &"RightLittleProximal"
bind/27/bone = -1
bind/27/pose = Transform3D(-5.3322037e-08, 4.1485876e-07, 1.0000001, -1, -4.988133e-07, -1.8160812e-08, 4.7273534e-07, -1, 4.1582692e-07, 0.09354702, -0.7940979, 1.4357463)
bind/28/name = &"RightLittleIntermediate"
bind/28/bone = -1
bind/28/pose = Transform3D(-5.3089206e-08, 4.1485876e-07, 1.0000001, -0.99999994, -4.988133e-07, -1.8160812e-08, 4.7273625e-07, -1, 4.1582692e-07, 0.09358448, -0.83009785, 1.435746)
bind/29/name = &"RightLittleDistal"
bind/29/bone = -1
bind/29/pose = Transform3D(-5.3322037e-08, 4.1485876e-07, 1.0000001, -1, -4.988133e-07, -1.8277227e-08, 4.7273534e-07, -1, 4.1582697e-07, 0.093641885, -0.8510978, 1.4357458)
bind/30/name = &"mixamorig_RightHandPinky4"
bind/30/bone = -1
bind/30/pose = Transform3D(-0.0016572287, 0.0031389454, 0.9999936, -0.99999857, -9.004813e-06, -0.0016572085, 3.8028684e-06, -0.999995, 0.0031389561, 0.08772647, -0.8723973, 1.4360354)
bind/31/name = &"LeftShoulder"
bind/31/bone = -1
bind/31/pose = Transform3D(2.1006802e-08, 4.2509456e-07, 1.0000001, 1, 5.029142e-07, -8.940697e-08, -5.029142e-07, 1.0000001, -4.04194e-07, 0.033163115, -0.045705065, -1.4458592)
bind/32/name = &"LeftUpperArm"
bind/32/bone = -1
bind/32/pose = Transform3D(-1.6854173e-08, -4.250936e-07, -1.0000001, 1, 5.037708e-07, -8.728142e-08, 5.000451e-07, -1.0000001, 4.0414423e-07, -0.055484325, -0.15162876, 1.4406133)
bind/33/name = &"LeftLowerArm"
bind/33/bone = -1
bind/33/pose = Transform3D(5.000451e-07, -1.0000001, 4.0414423e-07, 1, 5.037708e-07, -8.728142e-08, 1.6854173e-08, 4.250936e-07, 1.0000001, 1.4406128, -0.430044, 0.05548409)
bind/34/name = &"LeftHand"
bind/34/bone = -1
bind/34/pose = Transform3D(-1.6854173e-08, -4.250936e-07, -1.0000001, 1, 5.037708e-07, -8.728142e-08, 5.000451e-07, -1.0000001, 4.0414423e-07, -0.055483907, -0.7133323, 1.4406123)
bind/35/name = &"LeftThumbMetacarpal"
bind/35/bone = -1
bind/35/pose = Transform3D(-4.7683716e-07, 1.0000001, -4.3213367e-07, 0.8169925, 6.556511e-07, 0.5777019, 0.57770187, -5.9604645e-08, -0.81699276, -1.4248503, -0.58637464, -0.44976074)
bind/36/name = &"LeftThumbProximal"
bind/36/bone = -1
bind/36/pose = Transform3D(-5.364418e-07, 1.0000002, -4.3213365e-07, 0.81699264, 6.2584877e-07, 0.5777019, 0.5777019, -2.9802322e-08, -0.8169928, -1.4061298, -0.62373537, -0.45269254)
bind/37/name = &"LeftThumbDistal"
bind/37/bone = -1
bind/37/pose = Transform3D(-5.364418e-07, 1.0000004, -4.470349e-07, 0.8169926, 6.556511e-07, 0.5777019, 0.57770187, -2.9802322e-08, -0.8169928, -1.3908421, -0.6541841, -0.45566294)
bind/38/name = &"mixamorig_LeftHandThumb4"
bind/38/bone = -1
bind/38/pose = Transform3D(0.54876274, -0.033706583, -0.83529836, 0.73969764, -0.44595924, 0.50395197, -0.38949558, -0.89441824, -0.21979319, -0.38778663, 0.0023601786, 1.5555578)
bind/39/name = &"LeftIndexProximal"
bind/39/bone = -1
bind/39/pose = Transform3D(-1.6852182e-08, -4.2509362e-07, -1.0000001, 1, 5.037707e-07, -8.728239e-08, 5.0004496e-07, -1.0000001, 4.0414423e-07, -0.032885198, -0.80442536, 1.4354318)
bind/40/name = &"LeftIndexIntermediate"
bind/40/bone = -1
bind/40/pose = Transform3D(-1.6852471e-08, -4.2509362e-07, -1.0000001, 1, 5.037707e-07, -8.728239e-08, 5.0004496e-07, -1.0000001, 4.0414423e-07, -0.03288843, -0.8414254, 1.4354317)
bind/41/name = &"LeftIndexDistal"
bind/41/bone = -1
bind/41/pose = Transform3D(-1.6853665e-08, -4.2509362e-07, -1.0000001, 1, 5.0377093e-07, -8.728239e-08, 5.000452e-07, -1.0000001, 4.0414423e-07, -0.032884926, -0.86992544, 1.4354316)
bind/42/name = &"mixamorig_LeftHandIndex4"
bind/42/bone = -1
bind/42/pose = Transform3D(-3.577316e-05, -0.00075512636, -0.9999997, 1, -3.884038e-06, -3.5770234e-05, -3.8570265e-06, -0.9999997, 0.00075512653, -0.03176976, -0.8976689, 1.4354596)
bind/43/name = &"LeftMiddleProximal"
bind/43/bone = -1
bind/43/pose = Transform3D(-1.6851962e-08, -4.250936e-07, -1.0000001, 1, 5.0377093e-07, -8.728239e-08, 5.000452e-07, -1.0000001, 4.0414426e-07, -0.05548346, -0.80866635, 1.4406124)
bind/44/name = &"LeftMiddleIntermediate"
bind/44/bone = -1
bind/44/pose = Transform3D(-1.6853642e-08, -4.2509362e-07, -1.0000001, 1, 5.037708e-07, -8.7286026e-08, 5.000451e-07, -1.0000001, 4.0414426e-07, -0.055485774, -0.8456663, 1.4406124)
bind/45/name = &"LeftMiddleDistal"
bind/45/bone = -1
bind/45/pose = Transform3D(-1.6853278e-08, -4.2509362e-07, -1.0000001, 1, 5.037708e-07, -8.7286026e-08, 5.000451e-07, -1.0000001, 4.0414423e-07, -0.055486366, -0.87516636, 1.4406123)
bind/46/name = &"mixamorig_LeftHandMiddle4"
bind/46/bone = -1
bind/46/pose = Transform3D(7.727003e-05, -0.0020482806, -0.9999979, 1, -6.926446e-07, 7.727161e-05, -8.509171e-07, -0.9999979, 0.0020482803, -0.052605364, -0.90468895, 1.440724)
bind/47/name = &"LeftRingProximal"
bind/47/bone = -1
bind/47/pose = Transform3D(-1.6854875e-08, -4.250936e-07, -1.0000001, 1, 5.037707e-07, -8.728239e-08, 5.0004496e-07, -1.0000001, 4.0414426e-07, -0.07413464, -0.8043777, 1.440182)
bind/48/name = &"LeftRingIntermediate"
bind/48/bone = -1
bind/48/pose = Transform3D(-1.6854875e-08, -4.250936e-07, -1.0000001, 1, 5.037707e-07, -8.728239e-08, 5.0004496e-07, -1.0000001, 4.0414426e-07, -0.074134216, -0.83587766, 1.4401819)
bind/49/name = &"LeftRingDistal"
bind/49/bone = -1
bind/49/pose = Transform3D(-1.6854875e-08, -4.250936e-07, -1.0000001, 1, 5.037707e-07, -8.728239e-08, 5.0004496e-07, -1.0000001, 4.0414426e-07, -0.07413385, -0.86537766, 1.4401817)
bind/50/name = &"mixamorig_LeftHandRing4"
bind/50/bone = -1
bind/50/pose = Transform3D(4.5546425e-05, 0.0009868745, -0.9999995, 1, -1.8881813e-06, 4.5544588e-05, -1.8432338e-06, -0.9999995, -0.0009868746, -0.07559574, -0.891814, 1.4401097)
bind/51/name = &"LeftLittleProximal"
bind/51/bone = -1
bind/51/pose = Transform3D(-1.6760072e-08, -4.250936e-07, -1.0000001, 1, 5.0377093e-07, -8.707866e-08, 5.0004473e-07, -1.0000001, 4.0414426e-07, -0.09354647, -0.79411024, 1.4357433)
bind/52/name = &"LeftLittleIntermediate"
bind/52/bone = -1
bind/52/pose = Transform3D(-1.6294912e-08, -4.250936e-07, -1.0000001, 1, 5.0377093e-07, -8.6845866e-08, 5.0004564e-07, -1.0000001, 4.0414426e-07, -0.09339923, -0.8301099, 1.4357437)
bind/53/name = &"LeftLittleDistal"
bind/53/bone = -1
bind/53/pose = Transform3D(-1.6294997e-08, -4.2509356e-07, -1.0000001, 1, 5.0377093e-07, -8.6845866e-08, 5.000461e-07, -1.0000001, 4.041443e-07, -0.09332217, -0.85110974, 1.4357438)
bind/54/name = &"mixamorig_LeftHandPinky4"
bind/54/bone = -1
bind/54/pose = Transform3D(0.0029441789, -0.00156677, -0.99999446, 0.99999565, 6.410367e-06, 0.0029441721, 1.7974905e-06, -0.99999875, 0.001566782, -0.093566045, -0.87209505, 1.4358871)
bind/55/name = &"RightUpperLeg"
bind/55/bone = -1
bind/55/pose = Transform3D(-1.0000002, -5.0102324e-07, 1.7763568e-15, 5.0102324e-07, -1.0000001, 3.669411e-07, -1.8562929e-13, 3.6740676e-07, 0.99999994, -0.08207748, 0.9752322, 0.00045208167)
bind/56/name = &"RightLowerLeg"
bind/56/bone = -1
bind/56/pose = Transform3D(1.0000002, 5.010232e-07, 1.7763568e-15, 5.0102324e-07, -1.0000001, 3.7252903e-07, 1.8562929e-13, -3.6507845e-07, -0.9999999, 0.08207771, 0.531531, 0.0030071437)
bind/57/name = &"RightFoot"
bind/57/bone = -1
bind/57/pose = Transform3D(-1.0000002, -5.010232e-07, 2.842171e-14, -1.8474111e-13, 3.2782555e-07, 0.9999999, -5.0102324e-07, 1, -3.5762787e-07, -0.08207793, 0.027428381, -0.08729416)
bind/58/name = &"RightToes"
bind/58/bone = -1
bind/58/pose = Transform3D(1.0000002, 5.0102324e-07, -1.4918622e-16, -2.1812933e-13, 2.9587682e-07, 0.9999999, 5.0102324e-07, -1, 3.2567186e-07, 0.08207799, -0.07967719, 7.4183604e-06)
bind/59/name = &"mixamorig_RightToe_End"
bind/59/bone = -1
bind/59/pose = Transform3D(-0.9997305, -0.023214292, -1.994512e-06, -3.0161132e-07, -7.292844e-05, 1, -0.023214292, 0.9997305, 7.290178e-05, -0.08205552, -0.17245843, -0.0019185918)
bind/60/name = &"LeftUpperLeg"
bind/60/bone = -1
bind/60/pose = Transform3D(-1.0000002, -5.0102324e-07, 8.881784e-16, 5.0102324e-07, -1.0000001, 3.6600977e-07, -1.851852e-13, 3.6787242e-07, 0.99999994, 0.082078345, 0.97523177, 0.00045203604)
bind/61/name = &"LeftLowerLeg"
bind/61/bone = -1
bind/61/pose = Transform3D(1.0000002, 5.0102324e-07, 0, 5.0102324e-07, -1, 3.7252903e-07, 1.8562929e-13, -3.7252903e-07, -0.9999999, -0.08207811, 0.53153133, 0.0030173808)
bind/62/name = &"LeftFoot"
bind/62/bone = -1
bind/62/pose = Transform3D(-1.0000002, -5.0102324e-07, 2.842171e-14, -1.7763568e-13, 4.172325e-07, 0.9999999, -5.0102324e-07, 1.0000001, -4.4703484e-07, 0.082077876, 0.027426701, -0.08729485)
bind/63/name = &"LeftToes"
bind/63/bone = -1
bind/63/pose = Transform3D(1.0000002, 5.0102335e-07, -6.51805e-14, -1.9146837e-13, 4.1175372e-07, 0.9999999, 5.0102324e-07, -1.0000001, 4.1173917e-07, -0.082077816, -0.079678856, 8.104551e-06)
bind/64/name = &"mixamorig_LeftToe_End"
bind/64/bone = -1
bind/64/pose = Transform3D(-0.99971825, 0.02373695, 1.4299478e-06, -3.0131488e-07, -7.2931776e-05, 1, 0.023736948, 0.99971825, 7.2918374e-05, 0.082054354, -0.17246021, -0.0019622624)

[sub_resource type="Skin" id="Skin_5ngfc"]
resource_name = "Skin"
bind_count = 64
bind/0/name = &"Hips"
bind/0/bone = -1
bind/0/pose = Transform3D(1, 5.010232e-07, -4.1956063e-26, -5.0102324e-07, 0.99999994, -3.6787242e-07, -1.8474111e-13, 3.6787242e-07, 0.99999994, -4.4516838e-07, -1.0427487, -0.015543543)
bind/1/name = &"Spine"
bind/1/bone = -1
bind/1/pose = Transform3D(1, 5.0102324e-07, -7.1054274e-15, -5.010232e-07, 1, -3.7252903e-07, -1.8474111e-13, 3.7252903e-07, 1, -4.4516415e-07, -1.1445645, -0.016858786)
bind/2/name = &"Chest"
bind/2/bone = -1
bind/2/pose = Transform3D(1, 5.0102324e-07, -7.1054274e-15, -5.010232e-07, 1, -3.7252903e-07, -1.8474111e-13, 3.7252903e-07, 1, -4.9463137e-07, -1.2435043, -0.0021516979)
bind/3/name = &"UpperChest"
bind/3/bone = -1
bind/3/pose = Transform3D(1, 5.010232e-07, 5.3290705e-15, -5.010232e-07, 1.0000001, -3.6507845e-07, -1.9184654e-13, 3.6507845e-07, 1.0000001, -5.4073274e-07, -1.3357121, 0.011554703)
bind/4/name = &"Neck"
bind/4/bone = -1
bind/4/pose = Transform3D(1, 5.010232e-07, 5.3290705e-15, -5.010232e-07, 1.0000001, -3.6507845e-07, -1.9184654e-13, 3.6507845e-07, 1.0000001, -6.367731e-07, -1.503116, 0.03204499)
bind/5/name = &"Head"
bind/5/bone = -1
bind/5/pose = Transform3D(1, 5.010232e-07, 5.3290705e-15, -5.010232e-07, 1.0000001, -3.6507845e-07, -1.9184654e-13, 3.6507845e-07, 1.0000001, -6.8960634e-07, -1.5992949, 0.015194863)
bind/6/name = &"RightShoulder"
bind/6/bone = -1
bind/6/pose = Transform3D(6.53495e-08, -4.1579005e-07, -1.0000001, -0.99999994, -5.029142e-07, 2.6775757e-17, -4.7311187e-07, 1, -4.163012e-07, -0.03316342, -0.045699093, -1.4458611)
bind/7/name = &"RightUpperArm"
bind/7/bone = -1
bind/7/pose = Transform3D(-5.3479223e-08, 4.1485876e-07, 1.0000001, -1, -4.9881316e-07, -1.8277703e-08, 4.727362e-07, -1, 4.158269e-07, 0.0554844, -0.15162756, 1.440613)
bind/8/name = &"RightLowerArm"
bind/8/bone = -1
bind/8/pose = Transform3D(-4.727362e-07, 1, -4.158269e-07, -1, -4.9881316e-07, -1.8277703e-08, -5.3479223e-08, 4.1485876e-07, 1.0000001, -1.4406132, -0.4300427, 0.055484425)
bind/9/name = &"RightHand"
bind/9/bone = -1
bind/9/pose = Transform3D(-5.3479223e-08, 4.1485876e-07, 1.0000001, -1, -4.9881316e-07, -1.8277703e-08, 4.727362e-07, -1, 4.158269e-07, 0.055484224, -0.7133311, 1.4406133)
bind/10/name = &"RightThumbMetacarpal"
bind/10/bone = -1
bind/10/pose = Transform3D(5.066395e-07, -0.99999994, 4.0233135e-07, -0.81699264, -1.7881393e-07, 0.577702, -0.57770187, -6.556511e-07, -0.8169927, 1.4248735, -0.58636326, -0.44975162)
bind/11/name = &"RightThumbProximal"
bind/11/bone = -1
bind/11/pose = Transform3D(4.7683716e-07, -1, 4.0233135e-07, -0.8169927, -2.0861626e-07, 0.57770205, -0.5777019, -6.7055225e-07, -0.8169928, 1.4061457, -0.6237478, -0.45260465)
bind/12/name = &"RightThumbDistal"
bind/12/bone = -1
bind/12/pose = Transform3D(4.7683716e-07, -1.0000001, 3.8743022e-07, -0.81699264, -1.7881393e-07, 0.577702, -0.57770187, -6.4074993e-07, -0.8169927, 1.390866, -0.654176, -0.45558375)
bind/13/name = &"mixamorig_RightHandThumb4"
bind/13/bone = -1
bind/13/pose = Transform3D(0.5537738, 0.048262842, 0.8312671, -0.73324835, -0.44479457, 0.5143001, 0.39456472, -0.89433116, -0.21092695, 0.37183794, 0.005926404, 1.559439)
bind/14/name = &"RightIndexProximal"
bind/14/bone = -1
bind/14/pose = Transform3D(-5.3463193e-08, 4.1485873e-07, 1, -1, -4.988133e-07, -1.8277218e-08, 4.7273625e-07, -1, 4.158269e-07, 0.03288588, -0.804414, 1.4354347)
bind/15/name = &"RightIndexIntermediate"
bind/15/bone = -1
bind/15/pose = Transform3D(-5.3492297e-08, 4.1485873e-07, 1, -1, -4.988133e-07, -1.8335426e-08, 4.7273625e-07, -1, 4.158269e-07, 0.032873724, -0.841414, 1.4354348)
bind/16/name = &"RightIndexDistal"
bind/16/bone = -1
bind/16/pose = Transform3D(-5.349457e-08, 4.1485873e-07, 1, -1, -4.9881316e-07, -1.83377e-08, 4.7273636e-07, -1, 4.158269e-07, 0.032878935, -0.86991394, 1.4354348)
bind/17/name = &"mixamorig_RightHandIndex4"
bind/17/bone = -1
bind/17/pose = Transform3D(-0.00018116942, 0.0020053764, 0.999998, -1, 9.4269353e-07, -0.0001811717, -1.3060089e-06, -0.999998, 0.0020053762, 0.029838493, -0.89764386, 1.4354963)
bind/18/name = &"RightMiddleProximal"
bind/18/bone = -1
bind/18/pose = Transform3D(-5.3433777e-08, 4.1485873e-07, 1.0000001, -1, -4.988133e-07, -1.827722e-08, 4.7273625e-07, -1, 4.1582692e-07, 0.05548447, -0.8086562, 1.4406129)
bind/19/name = &"RightMiddleIntermediate"
bind/19/bone = -1
bind/19/pose = Transform3D(-5.337557e-08, 4.1485873e-07, 1.0000002, -1.0000001, -4.988135e-07, -1.827722e-08, 4.7273647e-07, -1, 4.1582692e-07, 0.05544734, -0.84565616, 1.440613)
bind/20/name = &"RightMiddleDistal"
bind/20/bone = -1
bind/20/pose = Transform3D(-5.3310085e-08, 4.1485873e-07, 1.0000002, -1.0000001, -4.9881305e-07, -1.820446e-08, 4.7273647e-07, -1, 4.1582692e-07, 0.055467885, -0.8751562, 1.4406132)
bind/21/name = &"mixamorig_RightHandMiddle4"
bind/21/bone = -1
bind/21/pose = Transform3D(-0.00038537828, 0.0018576231, 0.99999833, -0.99999994, 1.4158915e-06, -0.00038538154, -2.1317826e-06, -0.9999983, 0.0018576224, 0.052445233, -0.90464646, 1.4407114)
bind/22/name = &"RightRingProximal"
bind/22/bone = -1
bind/22/pose = Transform3D(-5.346376e-08, 4.1485876e-07, 1, -1, -4.9881316e-07, -1.8277209e-08, 4.727362e-07, -1, 4.1582692e-07, 0.07413556, -0.804367, 1.4401827)
bind/23/name = &"RightRingIntermediate"
bind/23/bone = -1
bind/23/pose = Transform3D(-5.3478313e-08, 4.1485876e-07, 1, -0.99999994, -4.9881316e-07, -1.8306313e-08, 4.7273613e-07, -1, 4.1582692e-07, 0.07414609, -0.83815974, 1.4401827)
bind/24/name = &"RightRingDistal"
bind/24/bone = -1
bind/24/pose = Transform3D(-5.3434658e-08, 4.1485876e-07, 1.0000001, -1, -4.9881316e-07, -1.8277209e-08, 4.727362e-07, -1, 4.1582692e-07, 0.07414229, -0.8670566, 1.4401827)
bind/25/name = &"mixamorig_RightHandRing4"
bind/25/bone = -1
bind/25/pose = Transform3D(0.0019554074, 0.00029214265, 0.99999803, -0.9999981, 4.4076987e-07, 0.0019554072, 1.3048889e-07, -0.99999994, 0.00029214294, 0.07545969, -0.89329946, 1.4402039)
bind/26/name = &"RightLittleProximal"
bind/26/bone = -1
bind/26/pose = Transform3D(-5.3322037e-08, 4.1485876e-07, 1.0000001, -1, -4.988133e-07, -1.8160812e-08, 4.7273534e-07, -1, 4.1582692e-07, 0.09354702, -0.7940979, 1.4357463)
bind/27/name = &"RightLittleIntermediate"
bind/27/bone = -1
bind/27/pose = Transform3D(-5.3089206e-08, 4.1485876e-07, 1.0000001, -0.99999994, -4.988133e-07, -1.8160812e-08, 4.7273625e-07, -1, 4.1582692e-07, 0.09358448, -0.83009785, 1.435746)
bind/28/name = &"RightLittleDistal"
bind/28/bone = -1
bind/28/pose = Transform3D(-5.3322037e-08, 4.1485876e-07, 1.0000001, -1, -4.988133e-07, -1.8277227e-08, 4.7273534e-07, -1, 4.1582697e-07, 0.093641885, -0.8510978, 1.4357458)
bind/29/name = &"mixamorig_RightHandPinky4"
bind/29/bone = -1
bind/29/pose = Transform3D(-0.0016572287, 0.0031389454, 0.9999936, -0.99999857, -9.004813e-06, -0.0016572085, 3.8028684e-06, -0.999995, 0.0031389561, 0.08772647, -0.8723973, 1.4360354)
bind/30/name = &"LeftShoulder"
bind/30/bone = -1
bind/30/pose = Transform3D(2.1006802e-08, 4.2509456e-07, 1.0000001, 1, 5.029142e-07, -8.940697e-08, -5.029142e-07, 1.0000001, -4.04194e-07, 0.033163115, -0.045705065, -1.4458592)
bind/31/name = &"LeftUpperArm"
bind/31/bone = -1
bind/31/pose = Transform3D(-1.6854173e-08, -4.250936e-07, -1.0000001, 1, 5.037708e-07, -8.728142e-08, 5.000451e-07, -1.0000001, 4.0414423e-07, -0.055484325, -0.15162876, 1.4406133)
bind/32/name = &"LeftLowerArm"
bind/32/bone = -1
bind/32/pose = Transform3D(5.000451e-07, -1.0000001, 4.0414423e-07, 1, 5.037708e-07, -8.728142e-08, 1.6854173e-08, 4.250936e-07, 1.0000001, 1.4406128, -0.430044, 0.05548409)
bind/33/name = &"LeftHand"
bind/33/bone = -1
bind/33/pose = Transform3D(-1.6854173e-08, -4.250936e-07, -1.0000001, 1, 5.037708e-07, -8.728142e-08, 5.000451e-07, -1.0000001, 4.0414423e-07, -0.055483907, -0.7133323, 1.4406123)
bind/34/name = &"LeftThumbMetacarpal"
bind/34/bone = -1
bind/34/pose = Transform3D(-4.7683716e-07, 1.0000001, -4.3213367e-07, 0.8169925, 6.556511e-07, 0.5777019, 0.57770187, -5.9604645e-08, -0.81699276, -1.4248503, -0.58637464, -0.44976074)
bind/35/name = &"LeftThumbProximal"
bind/35/bone = -1
bind/35/pose = Transform3D(-5.364418e-07, 1.0000002, -4.3213365e-07, 0.81699264, 6.2584877e-07, 0.5777019, 0.5777019, -2.9802322e-08, -0.8169928, -1.4061298, -0.62373537, -0.45269254)
bind/36/name = &"LeftThumbDistal"
bind/36/bone = -1
bind/36/pose = Transform3D(-5.364418e-07, 1.0000004, -4.470349e-07, 0.8169926, 6.556511e-07, 0.5777019, 0.57770187, -2.9802322e-08, -0.8169928, -1.3908421, -0.6541841, -0.45566294)
bind/37/name = &"mixamorig_LeftHandThumb4"
bind/37/bone = -1
bind/37/pose = Transform3D(0.54876274, -0.033706583, -0.83529836, 0.73969764, -0.44595924, 0.50395197, -0.38949558, -0.89441824, -0.21979319, -0.38778663, 0.0023601786, 1.5555578)
bind/38/name = &"LeftIndexProximal"
bind/38/bone = -1
bind/38/pose = Transform3D(-1.6852182e-08, -4.2509362e-07, -1.0000001, 1, 5.037707e-07, -8.728239e-08, 5.0004496e-07, -1.0000001, 4.0414423e-07, -0.032885198, -0.80442536, 1.4354318)
bind/39/name = &"LeftIndexIntermediate"
bind/39/bone = -1
bind/39/pose = Transform3D(-1.6852471e-08, -4.2509362e-07, -1.0000001, 1, 5.037707e-07, -8.728239e-08, 5.0004496e-07, -1.0000001, 4.0414423e-07, -0.03288843, -0.8414254, 1.4354317)
bind/40/name = &"LeftIndexDistal"
bind/40/bone = -1
bind/40/pose = Transform3D(-1.6853665e-08, -4.2509362e-07, -1.0000001, 1, 5.0377093e-07, -8.728239e-08, 5.000452e-07, -1.0000001, 4.0414423e-07, -0.032884926, -0.86992544, 1.4354316)
bind/41/name = &"mixamorig_LeftHandIndex4"
bind/41/bone = -1
bind/41/pose = Transform3D(-3.577316e-05, -0.00075512636, -0.9999997, 1, -3.884038e-06, -3.5770234e-05, -3.8570265e-06, -0.9999997, 0.00075512653, -0.03176976, -0.8976689, 1.4354596)
bind/42/name = &"LeftMiddleProximal"
bind/42/bone = -1
bind/42/pose = Transform3D(-1.6851962e-08, -4.250936e-07, -1.0000001, 1, 5.0377093e-07, -8.728239e-08, 5.000452e-07, -1.0000001, 4.0414426e-07, -0.05548346, -0.80866635, 1.4406124)
bind/43/name = &"LeftMiddleIntermediate"
bind/43/bone = -1
bind/43/pose = Transform3D(-1.6853642e-08, -4.2509362e-07, -1.0000001, 1, 5.037708e-07, -8.7286026e-08, 5.000451e-07, -1.0000001, 4.0414426e-07, -0.055485774, -0.8456663, 1.4406124)
bind/44/name = &"LeftMiddleDistal"
bind/44/bone = -1
bind/44/pose = Transform3D(-1.6853278e-08, -4.2509362e-07, -1.0000001, 1, 5.037708e-07, -8.7286026e-08, 5.000451e-07, -1.0000001, 4.0414423e-07, -0.055486366, -0.87516636, 1.4406123)
bind/45/name = &"mixamorig_LeftHandMiddle4"
bind/45/bone = -1
bind/45/pose = Transform3D(7.727003e-05, -0.0020482806, -0.9999979, 1, -6.926446e-07, 7.727161e-05, -8.509171e-07, -0.9999979, 0.0020482803, -0.052605364, -0.90468895, 1.440724)
bind/46/name = &"LeftRingProximal"
bind/46/bone = -1
bind/46/pose = Transform3D(-1.6854875e-08, -4.250936e-07, -1.0000001, 1, 5.037707e-07, -8.728239e-08, 5.0004496e-07, -1.0000001, 4.0414426e-07, -0.07413464, -0.8043777, 1.440182)
bind/47/name = &"LeftRingIntermediate"
bind/47/bone = -1
bind/47/pose = Transform3D(-1.6854875e-08, -4.250936e-07, -1.0000001, 1, 5.037707e-07, -8.728239e-08, 5.0004496e-07, -1.0000001, 4.0414426e-07, -0.074134216, -0.83587766, 1.4401819)
bind/48/name = &"LeftRingDistal"
bind/48/bone = -1
bind/48/pose = Transform3D(-1.6854875e-08, -4.250936e-07, -1.0000001, 1, 5.037707e-07, -8.728239e-08, 5.0004496e-07, -1.0000001, 4.0414426e-07, -0.07413385, -0.86537766, 1.4401817)
bind/49/name = &"mixamorig_LeftHandRing4"
bind/49/bone = -1
bind/49/pose = Transform3D(4.5546425e-05, 0.0009868745, -0.9999995, 1, -1.8881813e-06, 4.5544588e-05, -1.8432338e-06, -0.9999995, -0.0009868746, -0.07559574, -0.891814, 1.4401097)
bind/50/name = &"LeftLittleProximal"
bind/50/bone = -1
bind/50/pose = Transform3D(-1.6760072e-08, -4.250936e-07, -1.0000001, 1, 5.0377093e-07, -8.707866e-08, 5.0004473e-07, -1.0000001, 4.0414426e-07, -0.09354647, -0.79411024, 1.4357433)
bind/51/name = &"LeftLittleIntermediate"
bind/51/bone = -1
bind/51/pose = Transform3D(-1.6294912e-08, -4.250936e-07, -1.0000001, 1, 5.0377093e-07, -8.6845866e-08, 5.0004564e-07, -1.0000001, 4.0414426e-07, -0.09339923, -0.8301099, 1.4357437)
bind/52/name = &"LeftLittleDistal"
bind/52/bone = -1
bind/52/pose = Transform3D(-1.6294997e-08, -4.2509356e-07, -1.0000001, 1, 5.0377093e-07, -8.6845866e-08, 5.000461e-07, -1.0000001, 4.041443e-07, -0.09332217, -0.85110974, 1.4357438)
bind/53/name = &"mixamorig_LeftHandPinky4"
bind/53/bone = -1
bind/53/pose = Transform3D(0.0029441789, -0.00156677, -0.99999446, 0.99999565, 6.410367e-06, 0.0029441721, 1.7974905e-06, -0.99999875, 0.001566782, -0.093566045, -0.87209505, 1.4358871)
bind/54/name = &"RightUpperLeg"
bind/54/bone = -1
bind/54/pose = Transform3D(-1.0000002, -5.0102324e-07, 1.7763568e-15, 5.0102324e-07, -1.0000001, 3.669411e-07, -1.8562929e-13, 3.6740676e-07, 0.99999994, -0.08207748, 0.9752322, 0.00045208167)
bind/55/name = &"RightLowerLeg"
bind/55/bone = -1
bind/55/pose = Transform3D(1.0000002, 5.010232e-07, 1.7763568e-15, 5.0102324e-07, -1.0000001, 3.7252903e-07, 1.8562929e-13, -3.6507845e-07, -0.9999999, 0.08207771, 0.531531, 0.0030071437)
bind/56/name = &"RightFoot"
bind/56/bone = -1
bind/56/pose = Transform3D(-1.0000002, -5.010232e-07, 2.842171e-14, -1.8474111e-13, 3.2782555e-07, 0.9999999, -5.0102324e-07, 1, -3.5762787e-07, -0.08207793, 0.027428381, -0.08729416)
bind/57/name = &"RightToes"
bind/57/bone = -1
bind/57/pose = Transform3D(1.0000002, 5.0102324e-07, -1.4918622e-16, -2.1812933e-13, 2.9587682e-07, 0.9999999, 5.0102324e-07, -1, 3.2567186e-07, 0.08207799, -0.07967719, 7.4183604e-06)
bind/58/name = &"mixamorig_RightToe_End"
bind/58/bone = -1
bind/58/pose = Transform3D(-0.9997305, -0.023214292, -1.994512e-06, -3.0161132e-07, -7.292844e-05, 1, -0.023214292, 0.9997305, 7.290178e-05, -0.08205552, -0.17245843, -0.0019185918)
bind/59/name = &"LeftUpperLeg"
bind/59/bone = -1
bind/59/pose = Transform3D(-1.0000002, -5.0102324e-07, 8.881784e-16, 5.0102324e-07, -1.0000001, 3.6600977e-07, -1.851852e-13, 3.6787242e-07, 0.99999994, 0.082078345, 0.97523177, 0.00045203604)
bind/60/name = &"LeftLowerLeg"
bind/60/bone = -1
bind/60/pose = Transform3D(1.0000002, 5.0102324e-07, 0, 5.0102324e-07, -1, 3.7252903e-07, 1.8562929e-13, -3.7252903e-07, -0.9999999, -0.08207811, 0.53153133, 0.0030173808)
bind/61/name = &"LeftFoot"
bind/61/bone = -1
bind/61/pose = Transform3D(-1.0000002, -5.0102324e-07, 2.842171e-14, -1.7763568e-13, 4.172325e-07, 0.9999999, -5.0102324e-07, 1.0000001, -4.4703484e-07, 0.082077876, 0.027426701, -0.08729485)
bind/62/name = &"LeftToes"
bind/62/bone = -1
bind/62/pose = Transform3D(1.0000002, 5.0102335e-07, -6.51805e-14, -1.9146837e-13, 4.1175372e-07, 0.9999999, 5.0102324e-07, -1.0000001, 4.1173917e-07, -0.082077816, -0.079678856, 8.104551e-06)
bind/63/name = &"mixamorig_LeftToe_End"
bind/63/bone = -1
bind/63/pose = Transform3D(-0.99971825, 0.02373695, 1.4299478e-06, -3.0131488e-07, -7.2931776e-05, 1, 0.023736948, 0.99971825, 7.2918374e-05, 0.082054354, -0.17246021, -0.0019622624)

[sub_resource type="AnimationNodeAnimation" id="AnimationNodeAnimation_61x5k"]
animation = &"FlyingKick"

[sub_resource type="AnimationNodeAnimation" id="AnimationNodeAnimation_1wvjw"]
animation = &"Running"

[sub_resource type="AnimationNodeStateMachineTransition" id="AnimationNodeStateMachineTransition_l5hca"]
advance_mode = 2

[sub_resource type="AnimationNodeStateMachineTransition" id="AnimationNodeStateMachineTransition_h0061"]
advance_mode = 2
advance_expression = "is_running"

[sub_resource type="AnimationNodeStateMachineTransition" id="AnimationNodeStateMachineTransition_547vi"]
advance_mode = 2
advance_expression = "!is_running"

[sub_resource type="AnimationNodeStateMachine" id="AnimationNodeStateMachine_l5hca"]
states/running_idle/node = SubResource("AnimationNodeAnimation_61x5k")
states/running_idle/position = Vector2(332, 124)
states/running_running/node = SubResource("AnimationNodeAnimation_1wvjw")
states/running_running/position = Vector2(339, 211)
transitions = ["Start", "running_idle", SubResource("AnimationNodeStateMachineTransition_l5hca"), "running_idle", "running_running", SubResource("AnimationNodeStateMachineTransition_h0061"), "running_running", "running_idle", SubResource("AnimationNodeStateMachineTransition_547vi")]

[sub_resource type="CapsuleShape3D" id="CapsuleShape3D_et6wq"]

[node name="SampleAnim" unique_id=1913664573 node_paths=PackedStringArray("AnimTree", "Skeleton") instance=ExtResource("1_l4rkb")]
script = ExtResource("2_fx3xn")
AnimTree = NodePath("AnimationTree")
Skeleton = NodePath("Armature/GeneralSkeleton")
is_running = true

[node name="GeneralSkeleton" parent="Armature" parent_id_path=PackedInt32Array(1165242504) index="0" unique_id=633690728]
bones/0/position = Vector3(0.0035598646, 0.9485324, 0.018858474)
bones/0/rotation = Quaternion(0.06909339, -0.047528088, -0.03812361, 0.99574786)
bones/1/rotation = Quaternion(0.11483258, 0.121868774, 0.02985089, 0.9854291)
bones/2/rotation = Quaternion(-0.029622523, 0.015849687, 0.011286915, 0.99937177)
bones/3/rotation = Quaternion(-0.02925224, 0.015847337, 0.010189405, 0.9993946)
bones/4/rotation = Quaternion(0.03881252, -0.020623924, -0.027486205, 0.9986555)
bones/5/rotation = Quaternion(-0.17151317, -0.057675928, 0.00756737, 0.983463)
bones/7/rotation = Quaternion(0.48989254, -0.49468794, -0.54500914, -0.46717682)
bones/8/rotation = Quaternion(-0.12106164, 0.8937841, -0.426185, -0.06971725)
bones/9/rotation = Quaternion(0.5105402, 0.4892332, -0.5105397, 0.4892329)
bones/10/rotation = Quaternion(-0.11013851, -0.60218763, -0.14921878, 0.77651364)
bones/11/rotation = Quaternion(-0.23265688, -0.7184487, -0.06997837, 0.6517709)
bones/12/rotation = Quaternion(0.07132267, -0.05430568, 0.017693372, 0.99581677)
bones/13/rotation = Quaternion(-0.0021712037, -0.009272591, 0.04052848, 0.999133)
bones/14/scale = Vector3(1.0005779, 1.0004866, 1.0001515)
bones/15/rotation = Quaternion(0.027734607, -2.9802322e-08, 0.0033799708, 0.99960965)
bones/16/rotation = Quaternion(0.14395185, 2.0861623e-07, 0.017542986, 0.98942924)
bones/17/rotation = Quaternion(0.013868568, -2.3841855e-07, 0.0016902087, 0.9999024)
bones/19/rotation = Quaternion(0.027734607, -2.9802322e-08, 0.0033799708, 0.99960965)
bones/20/rotation = Quaternion(0.14395182, 2.533197e-07, 0.017542986, 0.98942924)
bones/21/rotation = Quaternion(0.013868613, -1.9371507e-07, 0.0016901789, 0.9999025)
bones/23/rotation = Quaternion(0.027734607, -2.9802322e-08, 0.0033799708, 0.99960965)
bones/24/rotation = Quaternion(0.14395182, 2.3841855e-07, 0.017542956, 0.98942924)
bones/25/rotation = Quaternion(0.013868568, -2.3841855e-07, 0.0016902087, 0.9999024)
bones/27/rotation = Quaternion(0.027734682, -1.4901161e-08, 0.003379941, 0.99960965)
bones/28/rotation = Quaternion(0.14395176, 2.3841855e-07, 0.017543016, 0.9894292)
bones/29/rotation = Quaternion(0.0138686, -1.0430813e-07, 0.0016900897, 0.9999025)
bones/31/rotation = Quaternion(0.4679673, 0.50288135, 0.5655897, -0.45631698)
bones/32/rotation = Quaternion(-0.2969089, 0.7345709, -0.44364533, -0.41884318)
bones/33/rotation = Quaternion(0.41762394, -0.570605, 0.41762424, 0.5706052)
bones/34/rotation = Quaternion(-0.010584082, 0.64598495, -0.03626129, 0.76241493)
bones/35/rotation = Quaternion(-0.22970706, 0.6831447, 0.15306762, 0.6761054)
bones/36/rotation = Quaternion(0.06949734, 0.033555184, 0.012785646, 0.9969357)
bones/37/rotation = Quaternion(0.014079705, 0.008904621, -0.020774037, 0.9996454)
bones/38/scale = Vector3(1.0005783, 1.000487, 1.0001518)
bones/39/rotation = Quaternion(0.051866874, -2.3841858e-07, -0.006259382, 0.9986344)
bones/40/rotation = Quaternion(0.106481284, -7.4505806e-08, -0.012850344, 0.9942317)
bones/41/rotation = Quaternion(0.025942355, -1.3411045e-07, -0.0031307936, 0.9996586)
bones/43/rotation = Quaternion(0.051727593, -1.0430813e-07, -0.0062425435, 0.9986417)
bones/44/rotation = Quaternion(0.10662012, -2.0861629e-07, -0.012867065, 0.9942167)
bones/45/rotation = Quaternion(0.02594236, -1.6391279e-07, -0.003130794, 0.9996586)
bones/47/rotation = Quaternion(0.051866874, -2.2351742e-07, -0.006259382, 0.9986344)
bones/48/rotation = Quaternion(0.106481284, -4.4703484e-08, -0.012850374, 0.9942317)
bones/49/rotation = Quaternion(0.0806525, -1.192093e-07, -0.009733261, 0.99669486)
bones/51/rotation = Quaternion(0.047388352, 0.0018623772, -0.041580055, 0.9980091)
bones/52/rotation = Quaternion(0.11083947, 0.0038236082, 0.022326738, 0.99358016)
bones/53/rotation = Quaternion(0.0806525, -1.3411046e-07, -0.009733261, 0.99669486)
bones/55/rotation = Quaternion(-0.04602389, 0.00762186, 0.9970586, -0.060811818)
bones/56/rotation = Quaternion(0.011918812, 0.9548426, -0.2856686, 0.080789156)
bones/57/rotation = Quaternion(-0.00995513, 0.6293305, -0.77078795, 0.09864148)
bones/58/rotation = Quaternion(6.948331e-08, 0.9629928, 0.26952735, 1.2577419e-08)
bones/60/rotation = Quaternion(0.030567452, 0.39238375, 0.91575426, -0.08059022)
bones/61/rotation = Quaternion(-0.04954525, 0.46207765, -0.88451535, 0.040771827)
bones/62/rotation = Quaternion(0.04782094, 0.7140757, -0.698297, -0.013799217)
bones/63/rotation = Quaternion(-4.132369e-08, 1, -4.1723257e-07, -5.2273492e-08)

[node name="Beta_Surface" type="MeshInstance3D" parent="Armature/GeneralSkeleton" index="0" unique_id=944911477]
mesh = ExtResource("2_5ngfc")
skin = SubResource("Skin_l4rkb")
skeleton = NodePath("..")

[node name="Beta_Joints" type="MeshInstance3D" parent="Armature/GeneralSkeleton" index="1" unique_id=80474612]
mesh = ExtResource("3_fx3xn")
skin = SubResource("Skin_5ngfc")
skeleton = NodePath("..")

[node name="AnimationTree" type="AnimationTree" parent="." index="2" unique_id=1317754037]
root_motion_track = NodePath("%GeneralSkeleton:Hips")
callback_mode_process = 0
tree_root = SubResource("AnimationNodeStateMachine_l5hca")
advance_expression_base_node = NodePath("..")
anim_player = NodePath("../AnimationPlayer")

[node name="CollisionShape3D" type="CollisionShape3D" parent="." index="3" unique_id=956518650]
transform = Transform3D(1, 0, 0, 0, 1, 0, 0, 0, 1, 0, 1, 0)
shape = SubResource("CapsuleShape3D_et6wq")

[node name="CameraSocket" type="Node3D" parent="." index="4" unique_id=1480428786]
unique_name_in_owner = true
transform = Transform3D(1, 0, 0, 0, 1, 0, 0, 0, 1, 0, 1.5785885, 0)
